0 0.02163461538461545 0.4014423076923077 4.916250371577115e-17 0.4014423076923077 6.240988495654781e-17 0.6177884615384616 0.02163461538461546 0.6177884615384616
0 0.2524038461538462 0.19230769230769232 0.12980769230769235 0.19230769230769232 0.12980769230769235 0.5961538461538461 0.2524038461538462 0.5961538461538461
0 0.5000000000000001 0.18028846153846156 0.25 0.18028846153846154 0.25000000000000006 0.5889423076923077 0.5000000000000001 0.5889423076923077
0 0.5000000000000001 0.18028846153846156 0.25 0.18028846153846154 0.25000000000000006 0.59375 0.5000000000000001 0.59375
0 0.65625 0.34375000000000006 0.4831730769230769 0.34375 0.483173076923077 0.5841346153846154 0.65625 0.5841346153846155
0 0.6442307692307693 0.1129807692307693 0.5144230769230769 0.1129807692307693 0.5144230769230769 0.26682692307692313 0.6442307692307693 0.26682692307692313
0 0.6538461538461539 0.22355769230769237 0.5216346153846154 0.22355769230769237 0.5216346153846154 0.3846153846153847 0.6538461538461539 0.38461538461538475
0 0.7115384615384616 0.21875000000000006 0.6754807692307693 0.21875000000000006 0.6754807692307693 0.528846153846154 0.7115384615384616 0.528846153846154
0 0.7331730769230769 0.5480769230769232 0.6971153846153846 0.5480769230769232 0.6971153846153846 0.591346153846154 0.7331730769230769 0.591346153846154
0 0.7475961538461539 0.19951923076923084 0.7139423076923077 0.19951923076923084 0.7139423076923077 0.4879807692307694 0.7475961538461539 0.4879807692307694
0 0.8990384615384616 0.4254807692307694 0.8509615384615384 0.4254807692307694 0.8509615384615384 0.5793269230769232 0.8990384615384616 0.5793269230769232
0 0.9182692307692307 0.3750000000000001 0.8533653846153846 0.3750000000000001 0.8533653846153846 0.42307692307692324 0.9182692307692307 0.42307692307692324
0 0.8942307692307693 0.4302884615384617 0.8701923076923077 0.4302884615384617 0.8701923076923077 0.5769230769230771 0.8942307692307693 0.5769230769230771