0 0.1586538461538462 0.22355769230769232 0.03365384615384618 0.22355769230769232 0.033653846153846194 0.46153846153846156 0.15865384615384623 0.46153846153846156
0 0.3317307692307692 0.05288461538461541 0.09375 0.052884615384615405 0.09375000000000001 0.1947115384615385 0.3317307692307692 0.19471153846153852
0 0.2692307692307693 0.7475961538461539 0.2283653846153847 0.7475961538461539 0.2283653846153847 0.8004807692307693 0.2692307692307693 0.8004807692307693
0 0.4134615384615386 0.84375 0.37980769230769246 0.84375 0.37980769230769246 0.8918269230769231 0.4134615384615386 0.8918269230769231
0 0.48557692307692324 0.6418269230769231 0.3942307692307694 0.6418269230769231 0.3942307692307694 0.7644230769230769 0.48557692307692324 0.7644230769230769
0 0.6394230769230769 0.5360576923076924 0.49759615384615385 0.5360576923076923 0.4975961538461539 0.7043269230769231 0.6394230769230769 0.7043269230769231
0 0.5913461538461539 0.3317307692307693 0.5144230769230769 0.3317307692307692 0.5144230769230769 0.38221153846153855 0.5913461538461539 0.3822115384615386
0 0.6826923076923077 0.7908653846153846 0.5360576923076924 0.7908653846153846 0.5360576923076924 0.9134615384615384 0.6826923076923077 0.9134615384615384
0 0.8846153846153846 0.6442307692307693 0.8149038461538461 0.6442307692307693 0.8149038461538461 0.7932692307692307 0.8846153846153846 0.7932692307692307
0 0.96875 0.40384615384615397 0.8413461538461539 0.40384615384615397 0.8413461538461539 0.543269230769231 0.96875 0.543269230769231
0 0.9975961538461539 0.5625000000000001 0.8485576923076923 0.5625000000000001 0.8485576923076923 0.7307692307692307 0.9975961538461539 0.7307692307692307