0 0.1610576923076924 0.5697115384615384 6.976954120142373e-17 0.5697115384615384 9.582272430828448e-17 0.9951923076923077 0.16105769230769246 0.9951923076923077
0 0.49278846153846156 3.547354310030193e-17 0.08653846153846154 1.0597904992621327e-17 0.08653846153846155 0.3317307692307692 0.49278846153846156 0.3317307692307692
0 0.6057692307692307 6.682567870347336e-17 0.4855769230769231 5.946602245859743e-17 0.4855769230769231 0.33894230769230776 0.6057692307692307 0.3389423076923078
0 0.5961538461538461 0.420673076923077 0.5576923076923077 0.4206730769230769 0.5576923076923077 0.5120192307692308 0.5961538461538461 0.512019230769231
0 0.6538461538461539 0.45192307692307704 0.6129807692307693 0.45192307692307704 0.6129807692307693 0.5048076923076924 0.6538461538461539 0.5048076923076924
0 0.6490384615384616 0.5096153846153848 0.6177884615384616 0.5096153846153848 0.6177884615384616 0.5817307692307694 0.6490384615384616 0.5817307692307694
0 0.6754807692307693 0.5817307692307694 0.6514423076923077 0.5817307692307694 0.6514423076923077 0.6322115384615384 0.6754807692307693 0.6322115384615384
0 0.7115384615384616 0.5264423076923078 0.6658653846153846 0.5264423076923078 0.6658653846153846 0.5793269230769232 0.7115384615384616 0.5793269230769232
0 0.7427884615384616 0.5360576923076924 0.6971153846153846 0.5360576923076924 0.6971153846153846 0.5480769230769232 0.7427884615384616 0.5480769230769232
0 0.7836538461538461 0.5240384615384617 0.7572115384615384 0.5240384615384617 0.7572115384615384 0.5793269230769232 0.7836538461538461 0.5793269230769232
0 0.9423076923076923 0.6947115384615384 0.8774038461538461 0.6947115384615384 0.8774038461538461 0.8100961538461539 0.9423076923076923 0.8100961538461539