0 0.5745192307692308 0.07692307692307696 0.04567307692307694 0.07692307692307693 0.045673076923076976 0.6754807692307693 0.574519230769231 0.6754807692307693
0 0.13942307692307698 0.25721153846153844 3.1499328728068944e-17 0.25721153846153844 4.7837765591693485e-17 0.5240384615384616 0.13942307692307698 0.5240384615384616
0 0.11538461538461545 0.5264423076923077 0.016826923076923142 0.5264423076923077 0.01682692307692315 0.6538461538461539 0.11538461538461545 0.6538461538461539
0 0.16105769230769237 0.6442307692307693 0.04567307692307701 0.6442307692307693 0.04567307692307701 0.7403846153846154 0.16105769230769237 0.7403846153846154
0 0.4615384615384616 0.34615384615384615 0.17067307692307698 0.34615384615384615 0.17067307692307698 0.6129807692307693 0.4615384615384617 0.6129807692307693
0 0.4302884615384617 0.6274038461538461 0.17067307692307698 0.6274038461538461 0.17067307692307698 0.6971153846153846 0.4302884615384617 0.6971153846153846
0 0.4375 0.07932692307692313 0.17307692307692307 0.07932692307692311 0.1730769230769231 0.3293269230769231 0.4375 0.3293269230769231
0 0.42307692307692324 0.7355769230769231 0.18028846153846162 0.7355769230769231 0.18028846153846162 0.8269230769230769 0.42307692307692324 0.8269230769230769
0 0.4326923076923077 3.827021247335479e-17 0.19230769230769232 2.3550899983602947e-17 0.19230769230769232 0.05769230769230772 0.4326923076923077 0.057692307692307744
0 0.5384615384615384 0.26682692307692313 0.4567307692307692 0.26682692307692313 0.4567307692307692 0.5360576923076923 0.5384615384615384 0.5360576923076923
0 0.5480769230769232 0.5745192307692307 0.4615384615384617 0.5745192307692307 0.4615384615384617 0.75 0.5480769230769232 0.75
0 0.6442307692307693 0.8197115384615384 0.5937500000000001 0.8197115384615384 0.5937500000000001 0.8798076923076923 0.6442307692307693 0.8798076923076923
0 0.7956730769230769 0.6105769230769232 0.7355769230769231 0.6105769230769232 0.7355769230769231 0.7283653846153846 0.7956730769230769 0.7283653846153846
0 0.9975961538461539 0.0793269230769232 0.9038461538461539 0.07932692307692318 0.9038461538461539 0.23798076923076936 0.9975961538461539 0.23798076923076936
0 1 0.29567307692307704 0.9663461538461539 0.29567307692307704 0.9663461538461539 0.41586538461538475 1 0.41586538461538475