0 0.19951923076923084 0.7307692307692307 0.18028846153846162 0.7307692307692307 0.18028846153846162 0.7644230769230769 0.19951923076923084 0.7644230769230769
0 0.39182692307692324 0.6346153846153846 0.33413461538461553 0.6346153846153846 0.33413461538461553 0.6706730769230769 0.39182692307692324 0.6706730769230769
0 0.41346153846153844 0.36778846153846156 0.36538461538461536 0.36778846153846156 0.36538461538461536 0.5168269230769231 0.41346153846153844 0.5168269230769231
0 0.4110576923076924 0.5456730769230769 0.36778846153846156 0.5456730769230769 0.3677884615384616 0.6370192307692307 0.41105769230769246 0.6370192307692307
0 0.44711538461538475 0.6394230769230769 0.4182692307692309 0.6394230769230769 0.4182692307692309 0.6730769230769231 0.44711538461538475 0.6730769230769231
0 0.5793269230769232 0.5841346153846154 0.512019230769231 0.5841346153846154 0.512019230769231 0.6706730769230769 0.5793269230769232 0.6706730769230769
0 0.576923076923077 0.5168269230769231 0.5264423076923077 0.5168269230769231 0.5264423076923077 0.5673076923076924 0.5769230769230771 0.5673076923076924
0 0.6538461538461539 0.4927884615384617 0.5697115384615384 0.4927884615384617 0.5697115384615385 0.574519230769231 0.6538461538461539 0.574519230769231
0 0.71875 0.139423076923077 0.6538461538461539 0.13942307692307698 0.6538461538461539 0.4182692307692309 0.71875 0.4182692307692309
0 0.7163461538461539 8.404727431648302e-17 0.65625 8.036744619404505e-17 0.65625 0.139423076923077 0.7163461538461539 0.13942307692307704
0 0.8317307692307693 0.574519230769231 0.6706730769230769 0.574519230769231 0.6706730769230769 0.6490384615384616 0.8317307692307693 0.6490384615384616
0 0.8461538461538461 0.29567307692307704 0.6947115384615384 0.295673076923077 0.6947115384615384 0.5673076923076924 0.8461538461538461 0.5673076923076924
0 0.7740384615384616 0.6778846153846154 0.7379807692307693 0.6778846153846154 0.7379807692307693 0.7211538461538461 0.7740384615384616 0.7211538461538461
0 0.8509615384615384 0.6490384615384616 0.8173076923076923 0.6490384615384616 0.8173076923076923 0.6995192307692307 0.8509615384615384 0.6995192307692307
0 0.9975961538461539 0.3125000000000001 0.9278846153846154 0.3125000000000001 0.9278846153846154 0.6802884615384616 0.9975961538461539 0.6802884615384616