0 0.07692307692307694 0.01682692307692308 2.060703748565258e-18 0.016826923076923076 1.9576685611369948e-17 0.30288461538461536 0.07692307692307696 0.30288461538461536
0 0.17788461538461545 0.4567307692307692 5.593338746105699e-17 0.4567307692307692 6.682567870347336e-17 0.6346153846153846 0.17788461538461545 0.6346153846153846
0 0.20192307692307698 0.5168269230769231 0.17067307692307698 0.5168269230769231 0.17067307692307698 0.6610576923076923 0.20192307692307698 0.6610576923076923
0 0.46634615384615385 0.4326923076923077 0.3485576923076923 0.4326923076923077 0.3485576923076923 0.5 0.46634615384615385 0.5
0 0.4447115384615386 0.6875 0.36538461538461553 0.6875 0.36538461538461553 0.8028846153846154 0.4447115384615386 0.8028846153846154
0 0.6081730769230769 0.2692307692307693 0.47836538461538464 0.2692307692307693 0.47836538461538464 0.545673076923077 0.6081730769230769 0.5456730769230771
0 0.6153846153846154 0.560096153846154 0.4807692307692309 0.5600961538461539 0.4807692307692309 0.7139423076923077 0.6153846153846154 0.7139423076923077
0 0.5985576923076924 0.7331730769230769 0.4927884615384617 0.7331730769230769 0.4927884615384617 0.8197115384615384 0.5985576923076924 0.8197115384615384
0 0.6466346153846154 0.6177884615384616 0.6009615384615385 0.6177884615384616 0.6009615384615385 0.8341346153846154 0.6466346153846154 0.8341346153846154
0 0.6610576923076923 0.7524038461538461 0.6177884615384616 0.7524038461538461 0.6177884615384616 0.84375 0.6610576923076923 0.84375
0 0.84375 0.06009615384615395 0.7884615384615384 0.06009615384615395 0.7884615384615384 0.6538461538461539 0.84375 0.6538461538461539
0 0.8966346153846154 1.0553747055152071e-16 0.8269230769230769 1.0126886992949266e-16 0.8269230769230769 0.2908653846153847 0.8966346153846154 0.29086538461538475
0 0.9014423076923077 0.65625 0.8317307692307693 0.65625 0.8317307692307693 0.8245192307692307 0.9014423076923077 0.8245192307692307
0 0.8942307692307693 0.38461538461538475 0.8341346153846154 0.38461538461538475 0.8341346153846154 0.6105769230769232 0.8942307692307693 0.6105769230769232
0 0.9110576923076923 0.8341346153846154 0.8629807692307693 0.8341346153846154 0.8629807692307693 0.8725961538461539 0.9110576923076923 0.8725961538461539
0 0.9038461538461539 0.6995192307692307 0.8701923076923077 0.6995192307692307 0.8701923076923077 0.8197115384615384 0.9038461538461539 0.8197115384615384