0 0.15625000000000006 0.5528846153846154 6.770883745285847e-17 0.5528846153846154 7.344936932386169e-17 0.6466346153846154 0.15625000000000006 0.6466346153846154
0 0.1730769230769231 0.024038461538461547 2.9438624979503683e-18 0.02403846153846154 3.562073622519946e-17 0.5576923076923077 0.17307692307692316 0.5576923076923077
0 0.2596153846153847 0.4735576923076923 0.18269230769230776 0.4735576923076923 0.18269230769230776 0.5024038461538461 0.2596153846153847 0.5024038461538461
0 0.2163461538461539 0.33653846153846156 0.1850961538461539 0.33653846153846156 0.1850961538461539 0.37740384615384615 0.2163461538461539 0.37740384615384615
0 0.21875000000000006 0.2932692307692308 0.19471153846153852 0.2932692307692308 0.19471153846153852 0.33653846153846156 0.21875000000000006 0.33653846153846156
0 0.45432692307692313 0.5024038461538461 0.40625 0.5024038461538461 0.40625000000000006 0.6658653846153846 0.45432692307692324 0.6658653846153846
0 0.5216346153846154 0.45913461538461536 0.4567307692307692 0.45913461538461536 0.4567307692307692 0.5456730769230769 0.5216346153846154 0.5456730769230769
0 0.5024038461538463 0.5480769230769231 0.45913461538461536 0.5480769230769231 0.4591346153846155 0.6850961538461539 0.5024038461538463 0.6850961538461539
0 0.576923076923077 0.420673076923077 0.5192307692307693 0.4206730769230769 0.5192307692307693 0.6418269230769231 0.5769230769230771 0.6418269230769231
0 0.6610576923076923 0.6346153846153846 0.528846153846154 0.6346153846153846 0.528846153846154 0.7067307692307693 0.6610576923076923 0.7067307692307693
0 0.6706730769230769 0.3509615384615386 0.5817307692307693 0.3509615384615386 0.5817307692307693 0.5480769230769232 0.6706730769230769 0.5480769230769232
0 0.8076923076923077 0.4807692307692309 0.6394230769230769 0.4807692307692309 0.6394230769230769 0.625 0.8076923076923077 0.625
0 0.7211538461538461 0.5937500000000001 0.6754807692307693 0.5937500000000001 0.6754807692307693 0.7331730769230769 0.7211538461538461 0.7331730769230769
0 0.8173076923076923 0.24278846153846162 0.6802884615384616 0.24278846153846162 0.6802884615384616 0.5096153846153848 0.8173076923076923 0.5096153846153848
0 0.9855769230769231 0.15144230769230782 0.8221153846153846 0.1514423076923078 0.8221153846153846 0.31730769230769246 0.9855769230769231 0.31730769230769246
0 0.9975961538461539 0.2596153846153847 0.8245192307692307 0.2596153846153847 0.8245192307692307 0.5024038461538463 0.9975961538461539 0.5024038461538463