0 0.16105769230769237 0.375 4.592425496802575e-17 0.375 6.432339558021555e-17 0.6754807692307693 0.16105769230769237 0.6754807692307693
0 0.3389423076923078 0.7620192307692307 0.22596153846153852 0.7620192307692307 0.22596153846153857 0.8629807692307693 0.3389423076923078 0.8629807692307693
0 0.3557692307692309 0.6153846153846154 0.3197115384615386 0.6153846153846154 0.3197115384615386 0.7740384615384616 0.3557692307692309 0.7740384615384616
0 0.5048076923076924 0.7235576923076923 0.4639423076923078 0.7235576923076923 0.4639423076923078 0.8173076923076923 0.5048076923076924 0.8173076923076923
0 0.5072115384615385 0.6466346153846154 0.4687500000000001 0.6466346153846154 0.4687500000000001 0.7307692307692307 0.5072115384615385 0.7307692307692307
0 0.5048076923076924 0.5721153846153846 0.4759615384615386 0.5721153846153846 0.4759615384615386 0.6394230769230769 0.5048076923076924 0.6394230769230769
0 0.5048076923076924 0.5120192307692307 0.4807692307692308 0.5120192307692307 0.48076923076923084 0.5600961538461539 0.5048076923076924 0.5600961538461539
0 0.6418269230769231 0.8317307692307693 0.574519230769231 0.8317307692307693 0.574519230769231 0.8846153846153846 0.6418269230769231 0.8846153846153846
0 0.6394230769230769 0.7091346153846154 0.5841346153846155 0.7091346153846154 0.5841346153846155 0.8245192307692307 0.6394230769230769 0.8245192307692307
0 0.6466346153846154 0.5841346153846155 0.591346153846154 0.5841346153846155 0.591346153846154 0.7067307692307693 0.6466346153846154 0.7067307692307693
0 0.8605769230769231 0.20192307692307704 0.7596153846153846 0.20192307692307698 0.7596153846153846 0.543269230769231 0.8605769230769231 0.543269230769231