0 0.048076923076923135 0.43509615384615385 5.328391121290167e-17 0.43509615384615385 6.358742995572795e-17 0.6033653846153846 0.04807692307692314 0.6033653846153846
0 0.04807692307692316 0.6057692307692307 7.418533494834929e-17 0.6057692307692307 8.493043306586812e-17 0.78125 0.04807692307692318 0.78125
0 0.052884615384615426 0.2692307692307692 3.2971259977044127e-17 0.2692307692307692 4.2980392470075376e-17 0.4326923076923077 0.05288461538461543 0.4326923076923077
0 0.47836538461538475 0.9471153846153846 0.1250000000000001 0.9471153846153846 0.1250000000000001 0.9975961538461539 0.47836538461538475 0.9975961538461539
0 0.2211538461538462 0.1875 0.13942307692307696 0.1875 0.13942307692307696 0.3629807692307692 0.22115384615384623 0.3629807692307692
0 0.21153846153846162 0.3581730769230769 0.1418269230769231 0.3581730769230769 0.14182692307692313 0.5745192307692307 0.21153846153846162 0.5745192307692307
0 0.34615384615384615 0.17548076923076927 0.24519230769230768 0.17548076923076922 0.24519230769230774 0.35336538461538464 0.34615384615384615 0.35336538461538464
0 0.3149038461538462 0.35096153846153844 0.25000000000000006 0.35096153846153844 0.25000000000000006 0.5865384615384616 0.3149038461538463 0.5865384615384616
0 0.6490384615384616 0.33894230769230776 0.31971153846153844 0.3389423076923077 0.31971153846153855 0.5649038461538463 0.6490384615384616 0.5649038461538463
0 0.49278846153846156 0.15865384615384623 0.38461538461538464 0.15865384615384623 0.38461538461538464 0.3581730769230769 0.49278846153846156 0.3581730769230769
0 0.7572115384615384 0.11298076923076932 0.5192307692307693 0.1129807692307693 0.5192307692307693 0.32932692307692313 0.7572115384615384 0.32932692307692324
0 0.8028846153846154 0.8221153846153846 0.5504807692307694 0.8221153846153846 0.5504807692307694 0.875 0.8028846153846154 0.875
0 0.7596153846153846 0.3028846153846155 0.65625 0.3028846153846155 0.65625 0.5480769230769232 0.7596153846153846 0.5480769230769232
0 0.8870192307692307 0.8173076923076923 0.8076923076923077 0.8173076923076923 0.8076923076923077 0.8701923076923077 0.8870192307692307 0.8701923076923077
0 0.9639423076923077 0.8197115384615384 0.8966346153846154 0.8197115384615384 0.8966346153846154 0.8605769230769231 0.9639423076923077 0.8605769230769231
0 1 0.8125 0.9711538461538461 0.8125 0.9711538461538461 0.8557692307692307 1 0.8557692307692307