0 0.19230769230769237 0.5120192307692307 0.17788461538461545 0.5120192307692307 0.17788461538461545 0.6322115384615384 0.19230769230769237 0.6322115384615384
0 0.22115384615384623 0.5120192307692307 0.1971153846153847 0.5120192307692307 0.1971153846153847 0.6201923076923077 0.22115384615384623 0.6201923076923077
0 0.22115384615384623 0.6442307692307693 0.20432692307692316 0.6442307692307693 0.20432692307692316 0.6634615384615384 0.22115384615384623 0.6634615384615384
0 0.25721153846153855 0.6442307692307693 0.23557692307692316 0.6442307692307693 0.23557692307692316 0.6826923076923077 0.25721153846153855 0.6826923076923077
0 0.2596153846153847 0.4807692307692308 0.23557692307692316 0.4807692307692308 0.23557692307692316 0.6514423076923077 0.2596153846153847 0.6514423076923077
0 0.32451923076923084 0.4423076923076923 0.2908653846153847 0.4423076923076923 0.2908653846153847 0.6730769230769231 0.3245192307692309 0.6730769230769231
0 0.3197115384615386 0.6634615384615384 0.295673076923077 0.6634615384615384 0.295673076923077 0.7019230769230769 0.3197115384615386 0.7019230769230769
0 0.483173076923077 0.38461538461538464 0.3798076923076923 0.38461538461538464 0.3798076923076924 0.6586538461538461 0.48317307692307704 0.6586538461538461
0 0.4495192307692309 0.6899038461538461 0.4014423076923078 0.6899038461538461 0.4014423076923078 0.75 0.4495192307692309 0.75
0 0.9230769230769231 0.08413461538461547 0.6442307692307693 0.08413461538461545 0.6442307692307693 0.8028846153846154 0.9230769230769231 0.8028846153846154
0 0.8701923076923077 0.7716346153846154 0.6899038461538461 0.7716346153846154 0.6899038461538461 0.8966346153846154 0.8701923076923077 0.8966346153846154