0 0.4543269230769231 2.95858181044012e-17 0.028846153846153848 3.532634997540442e-18 0.02884615384615386 0.26682692307692313 0.4543269230769231 0.26682692307692313
0 0.22115384615384623 0.7019230769230769 0.15865384615384623 0.7019230769230769 0.15865384615384623 0.7644230769230769 0.22115384615384623 0.7644230769230769
0 0.3004807692307693 0.23798076923076927 0.22355769230769232 0.23798076923076922 0.22355769230769235 0.6778846153846154 0.3004807692307693 0.6778846153846154
0 0.4302884615384616 0.49278846153846156 0.295673076923077 0.49278846153846156 0.295673076923077 0.6971153846153846 0.4302884615384617 0.6971153846153846
0 0.37259615384615385 0.34615384615384615 0.29807692307692313 0.34615384615384615 0.29807692307692313 0.5288461538461539 0.37259615384615385 0.5288461538461539
0 0.4254807692307692 0.2836538461538462 0.3028846153846155 0.2836538461538462 0.3028846153846155 0.43990384615384615 0.4254807692307692 0.43990384615384615
0 0.5336538461538463 0.7211538461538461 0.4086538461538463 0.7211538461538461 0.4086538461538463 0.7692307692307693 0.5336538461538463 0.7692307692307693
0 0.5961538461538461 0.09855769230769237 0.4639423076923077 0.09855769230769237 0.4639423076923077 0.41346153846153855 0.5961538461538461 0.4134615384615386
0 0.6177884615384616 0.4495192307692309 0.5721153846153846 0.4495192307692309 0.5721153846153846 0.543269230769231 0.6177884615384616 0.543269230769231
0 0.6490384615384616 0.108173076923077 0.5841346153846154 0.108173076923077 0.5841346153846154 0.4567307692307694 0.6490384615384616 0.4567307692307694
0 0.8245192307692307 0.5625000000000001 0.7307692307692307 0.5625000000000001 0.7307692307692307 0.6225961538461539 0.8245192307692307 0.6225961538461539
0 0.9927884615384616 0.45913461538461553 0.9158653846153846 0.45913461538461553 0.9158653846153846 0.6009615384615385 0.9927884615384616 0.6009615384615385
0 1 0.5937500000000001 0.9399038461538461 0.5937500000000001 0.9399038461538461 0.6586538461538461 1 0.6586538461538461
0 1 0.1201923076923078 0.9591346153846154 0.12019230769230779 0.9591346153846154 0.19711538461538475 1 0.19711538461538475
0 1 0.216346153846154 0.9591346153846154 0.216346153846154 0.9591346153846154 0.3389423076923078 1 0.3389423076923078