0 0.9951923076923077 0.07211538461538472 0.8629807692307693 0.07211538461538472 0.8629807692307693 0.3245192307692309 0.9951923076923077 0.3245192307692309
0 0.10336538461538472 0.7259615384615384 0.0024038461538462425 0.7259615384615384 0.00240384615384625 0.84375 0.10336538461538472 0.84375
0 0.15865384615384623 0.4735576923076923 0.009615384615384675 0.4735576923076923 0.00961538461538469 0.7211538461538461 0.15865384615384623 0.7211538461538461
0 0.13942307692307693 1.1186677492211401e-17 0.04326923076923077 5.298952496310663e-18 0.04326923076923079 0.34134615384615385 0.13942307692307696 0.34134615384615385
0 0.1466346153846154 0.0024038461538461687 0.0985576923076923 0.0024038461538461657 0.0985576923076923 0.052884615384615405 0.1466346153846154 0.052884615384615405
0 0.24759615384615388 0.026442307692307716 0.10576923076923077 0.02644230769230771 0.10576923076923078 0.40625 0.2475961538461539 0.40625
0 0.23076923076923084 0.5480769230769231 0.16826923076923084 0.5480769230769231 0.16826923076923084 0.7067307692307693 0.23076923076923084 0.7067307692307693
0 0.22115384615384623 0.44711538461538464 0.17067307692307698 0.44711538461538464 0.17067307692307698 0.5745192307692307 0.22115384615384623 0.5745192307692307
0 0.28125000000000006 0.04086538461538465 0.23076923076923078 0.04086538461538465 0.2307692307692308 0.4567307692307692 0.28125000000000006 0.4567307692307692
0 0.31250000000000006 0.5504807692307693 0.28125000000000006 0.5504807692307693 0.28125000000000006 0.6322115384615384 0.3125000000000001 0.6322115384615384
0 0.4495192307692309 0.625 0.37980769230769246 0.625 0.37980769230769246 0.6995192307692307 0.4495192307692309 0.6995192307692307
0 0.5841346153846155 0.7932692307692307 0.5000000000000001 0.7932692307692307 0.5000000000000001 0.8605769230769231 0.5841346153846155 0.8605769230769231
0 0.5889423076923077 0.108173076923077 0.5048076923076923 0.108173076923077 0.5048076923076923 0.19951923076923084 0.5889423076923077 0.19951923076923084
0 0.5937500000000001 0.5504807692307693 0.5048076923076923 0.5504807692307693 0.5048076923076924 0.7932692307692307 0.5937500000000001 0.7932692307692307
0 0.59375 0.20432692307692316 0.5096153846153846 0.20432692307692316 0.5096153846153846 0.3653846153846155 0.59375 0.36538461538461553
0 0.59375 0.37019230769230776 0.5144230769230769 0.3701923076923077 0.5144230769230769 0.5432692307692308 0.59375 0.543269230769231
0 0.6586538461538461 0.6995192307692307 0.625 0.6995192307692307 0.625 0.7884615384615384 0.6586538461538461 0.7884615384615384
0 0.8870192307692307 0.8197115384615384 0.8028846153846154 0.8197115384615384 0.8028846153846154 0.9927884615384616 0.8870192307692307 0.9927884615384616
0 0.9591346153846154 0.6225961538461539 0.9254807692307693 0.6225961538461539 0.9254807692307693 0.7740384615384616 0.9591346153846154 0.7740384615384616
0 0.9807692307692307 0.5793269230769232 0.9350961538461539 0.5793269230769232 0.9350961538461539 0.75 0.9807692307692307 0.75
0 1 0.512019230769231 0.9615384615384616 0.512019230769231 0.9615384615384616 0.7139423076923077 1 0.7139423076923077