0 0.03605769230769238 0.5480769230769231 0.002403846153846221 0.5480769230769231 0.0024038461538462264 0.6370192307692307 0.03605769230769239 0.6370192307692307
0 0.10336538461538468 0.5793269230769231 0.076923076923077 0.5793269230769231 0.076923076923077 0.6658653846153846 0.10336538461538468 0.6658653846153846
0 0.20913461538461545 0.31009615384615385 0.11778846153846158 0.31009615384615385 0.11778846153846159 0.44711538461538464 0.20913461538461545 0.44711538461538464
0 0.1850961538461539 0.49278846153846156 0.12980769230769237 0.49278846153846156 0.1298076923076924 0.7884615384615384 0.1850961538461539 0.7884615384615384
0 0.20913461538461545 0.6538461538461539 0.1754807692307693 0.6538461538461539 0.1754807692307693 0.7860576923076923 0.20913461538461545 0.7860576923076923
0 0.3485576923076923 0.34134615384615385 0.21875000000000006 0.34134615384615385 0.21875000000000006 0.4375 0.3485576923076923 0.4375
0 0.5024038461538463 0.4879807692307692 0.38461538461538464 0.4879807692307692 0.3846153846153847 0.6225961538461539 0.5024038461538463 0.6225961538461539
0 0.4879807692307694 0.6490384615384616 0.38942307692307704 0.6490384615384616 0.38942307692307704 0.7548076923076923 0.4879807692307694 0.7548076923076923
0 0.49278846153846156 0.3269230769230769 0.3894230769230769 0.3269230769230769 0.3894230769230769 0.40625 0.49278846153846156 0.40625
0 0.49038461538461536 0.24278846153846162 0.3894230769230769 0.24278846153846162 0.3894230769230769 0.32211538461538464 0.49038461538461536 0.32211538461538464
0 0.5841346153846154 0.4735576923076924 0.5072115384615384 0.4735576923076923 0.5072115384615384 0.5528846153846154 0.5841346153846154 0.5528846153846155
0 0.5865384615384616 0.5576923076923077 0.5192307692307693 0.5576923076923077 0.5192307692307693 0.6490384615384616 0.5865384615384617 0.6490384615384616
0 0.5769230769230771 0.6802884615384616 0.560096153846154 0.6802884615384616 0.560096153846154 0.7716346153846154 0.5769230769230771 0.7716346153846154
0 0.5937500000000001 0.6490384615384616 0.574519230769231 0.6490384615384616 0.574519230769231 0.7716346153846154 0.5937500000000001 0.7716346153846154
0 0.6105769230769232 0.6754807692307693 0.5961538461538463 0.6754807692307693 0.5961538461538463 0.7379807692307693 0.6105769230769232 0.7379807692307693
0 0.9663461538461539 0.15384615384615394 0.71875 0.1538461538461539 0.71875 0.43509615384615397 0.9663461538461539 0.43509615384615397