0 0.8173076923076923 0.033653846153846236 0.5192307692307693 0.033653846153846215 0.5192307692307693 0.9639423076923077 0.8173076923076923 0.9639423076923077
0 0.3629807692307693 2.2226161859525283e-17 0 0 6.049637433288006e-17 0.9879807692307693 0.3629807692307694 0.9879807692307693
0 0.5432692307692307 0.06490384615384621 0.375 0.0649038461538462 0.375 0.46153846153846156 0.5432692307692307 0.46153846153846156
0 0.5625000000000001 0.41826923076923084 0.37740384615384615 0.4182692307692308 0.3774038461538462 0.6706730769230769 0.5625000000000001 0.6706730769230769
0 0.7620192307692307 0.139423076923077 0.5600961538461539 0.13942307692307698 0.5600961538461539 0.5264423076923078 0.7620192307692307 0.5264423076923078
0 0.6370192307692307 0.4711538461538463 0.5721153846153846 0.4711538461538463 0.5721153846153847 0.7211538461538461 0.6370192307692307 0.7211538461538461
0 0.7908653846153846 0.38461538461538475 0.6298076923076923 0.38461538461538475 0.6298076923076923 0.5985576923076924 0.7908653846153846 0.5985576923076924
0 0.8870192307692307 0.26442307692307704 0.7668269230769231 0.264423076923077 0.7668269230769231 0.543269230769231 0.8870192307692307 0.543269230769231
0 0.8629807692307693 0.4759615384615386 0.7932692307692307 0.4759615384615386 0.7932692307692307 0.6778846153846154 0.8629807692307693 0.6778846153846154
0 0.8605769230769231 0.6947115384615384 0.8100961538461539 0.6947115384615384 0.8100961538461539 0.7740384615384616 0.8605769230769231 0.7740384615384616
0 0.9350961538461539 0.5336538461538463 0.8389423076923077 0.5336538461538463 0.8389423076923077 0.9278846153846154 0.9350961538461539 0.9278846153846154
0 0.9326923076923077 0.6129807692307694 0.9038461538461539 0.6129807692307694 0.9038461538461539 0.7067307692307693 0.9326923076923077 0.7067307692307693
0 0.9735576923076923 0.7307692307692307 0.9182692307692307 0.7307692307692307 0.9182692307692307 0.9615384615384616 0.9735576923076923 0.9615384615384616
0 0.96875 0.6081730769230771 0.9350961538461539 0.6081730769230771 0.9350961538461539 0.6682692307692307 0.96875 0.6682692307692307
0 1 0.40384615384615397 0.9471153846153846 0.40384615384615397 0.9471153846153846 0.5312500000000001 1 0.5312500000000001