0 0.2908653846153847 0.6658653846153846 0.21394230769230776 0.6658653846153846 0.21394230769230776 0.7403846153846154 0.2908653846153847 0.7403846153846154
0 0.33413461538461553 0.8221153846153846 0.28125000000000006 0.8221153846153846 0.2812500000000001 0.8942307692307693 0.33413461538461553 0.8942307692307693
0 0.3581730769230769 0.3942307692307692 0.28846153846153855 0.3942307692307692 0.28846153846153855 0.5360576923076923 0.3581730769230769 0.5360576923076923
0 0.3365384615384617 0.7259615384615384 0.29807692307692313 0.7259615384615384 0.29807692307692313 0.7764423076923077 0.3365384615384617 0.7764423076923077
0 0.3990384615384617 0.6899038461538461 0.32692307692307704 0.6899038461538461 0.32692307692307704 0.7692307692307693 0.3990384615384617 0.7692307692307693
0 0.4375000000000001 0.7860576923076923 0.37259615384615397 0.7860576923076923 0.37259615384615397 0.8581730769230769 0.4375000000000001 0.8581730769230769
0 0.4399038461538462 0.3798076923076923 0.39663461538461536 0.3798076923076923 0.3966346153846155 0.8076923076923077 0.4399038461538463 0.8076923076923077
0 0.5480769230769231 0.14903846153846162 0.4375 0.14903846153846162 0.4375 0.40625 0.5480769230769231 0.40625
0 0.5432692307692308 0.2836538461538462 0.4807692307692308 0.2836538461538462 0.48076923076923084 0.78125 0.543269230769231 0.78125
0 0.7283653846153846 0.22355769230769237 0.5961538461538461 0.22355769230769237 0.5961538461538461 0.3437500000000001 0.7283653846153846 0.3437500000000001
0 0.7403846153846154 0.4062500000000001 0.6009615384615384 0.4062500000000001 0.6009615384615384 0.48557692307692324 0.7403846153846154 0.48557692307692324
0 0.7475961538461539 0.543269230769231 0.6033653846153846 0.543269230769231 0.6033653846153847 0.6418269230769231 0.7475961538461539 0.6418269230769231
0 0.7259615384615384 0.6586538461538461 0.6201923076923077 0.6586538461538461 0.6201923076923077 0.8701923076923077 0.7259615384615384 0.8701923076923077
0 0.7524038461538461 0.6658653846153846 0.6298076923076923 0.6658653846153846 0.6298076923076923 0.7379807692307693 0.7524038461538461 0.7379807692307693
0 0.7596153846153846 0.7019230769230769 0.6995192307692307 0.7019230769230769 0.6995192307692307 0.8076923076923077 0.7596153846153846 0.8076923076923077