0 0.34615384615384615 0.057692307692307716 0.15625 0.05769230769230771 0.15625 0.22355769230769235 0.34615384615384615 0.22355769230769237
0 0.26682692307692313 0.3293269230769231 0.16105769230769237 0.3293269230769231 0.16105769230769237 0.4254807692307692 0.26682692307692313 0.4254807692307692
0 0.26682692307692313 0.25961538461538464 0.18028846153846154 0.25961538461538464 0.18028846153846156 0.3269230769230769 0.26682692307692313 0.3269230769230769
0 0.3341346153846155 0.27884615384615385 0.22596153846153846 0.27884615384615385 0.2259615384615385 0.8197115384615384 0.33413461538461553 0.8197115384615384
0 0.3990384615384616 0.3605769230769231 0.3389423076923077 0.3605769230769231 0.33894230769230776 0.8365384615384616 0.3990384615384617 0.8365384615384616
0 0.4302884615384617 0.5865384615384616 0.3822115384615386 0.5865384615384616 0.3822115384615386 0.8846153846153846 0.4302884615384617 0.8846153846153846
0 0.5889423076923078 0.6850961538461539 0.5721153846153848 0.6850961538461539 0.5721153846153848 0.8100961538461539 0.5889423076923078 0.8100961538461539
0 0.6105769230769232 0.6706730769230769 0.591346153846154 0.6706730769230769 0.591346153846154 0.8245192307692307 0.6105769230769232 0.8245192307692307
0 0.6538461538461539 0.574519230769231 0.6370192307692307 0.574519230769231 0.6370192307692307 0.8629807692307693 0.6538461538461539 0.8629807692307693
0 0.6658653846153846 0.3701923076923078 0.6418269230769231 0.3701923076923078 0.6418269230769231 0.6009615384615385 0.6658653846153846 0.6009615384615385
0 0.7307692307692307 0.2716346153846155 0.6826923076923077 0.2716346153846155 0.6826923076923077 0.8293269230769231 0.7307692307692307 0.8293269230769231