0 0.9471153846153846 0.07451923076923085 0.33413461538461536 0.07451923076923081 0.3341346153846155 0.8245192307692307 0.9471153846153846 0.8245192307692307
0 0.04807692307692317 0.65625 8.036744619404505e-17 0.65625 9.081815806176886e-17 0.8269230769230769 0.04807692307692318 0.8269230769230769
0 0.108173076923077 0.5240384615384616 0.014423076923076986 0.5240384615384616 0.014423076923076993 0.6153846153846154 0.108173076923077 0.6153846153846154
0 0.2379807692307693 0.6129807692307693 0.108173076923077 0.6129807692307693 0.10817307692307701 0.8173076923076923 0.2379807692307693 0.8173076923076923
0 0.18028846153846162 0.5649038461538461 0.12740384615384623 0.5649038461538461 0.12740384615384623 0.6514423076923077 0.18028846153846162 0.6514423076923077
0 0.27644230769230776 0.37740384615384615 0.12980769230769235 0.37740384615384615 0.12980769230769235 0.5817307692307693 0.27644230769230776 0.5817307692307693
0 0.20913461538461545 0.5336538461538461 0.17067307692307698 0.5336538461538461 0.17067307692307698 0.6418269230769231 0.20913461538461545 0.6418269230769231
0 0.25000000000000006 0.5096153846153846 0.20913461538461545 0.5096153846153846 0.20913461538461545 0.6129807692307693 0.25000000000000006 0.6129807692307693
0 0.295673076923077 0.49038461538461536 0.24519230769230776 0.49038461538461536 0.24519230769230776 0.8076923076923077 0.295673076923077 0.8076923076923077
0 0.3293269230769231 0.3245192307692308 0.2692307692307693 0.3245192307692308 0.2692307692307693 0.47115384615384615 0.3293269230769231 0.47115384615384615
0 0.32932692307692313 0.47596153846153844 0.2908653846153847 0.47596153846153844 0.2908653846153847 0.6394230769230769 0.32932692307692324 0.6394230769230769
0 0.9831730769230769 0.6105769230769232 0.9399038461538461 0.6105769230769232 0.9399038461538461 0.8461538461538461 0.9831730769230769 0.8461538461538461
0 1 0.6081730769230771 0.9855769230769231 0.6081730769230771 0.9855769230769231 0.7139423076923077 1 0.7139423076923077