0 0.17307692307692307 0.06971153846153846 0.0625 0.06971153846153846 0.06250000000000001 0.20673076923076922 0.17307692307692307 0.20673076923076922
0 0.18028846153846154 0.2091346153846154 0.07932692307692311 0.2091346153846154 0.07932692307692311 0.27884615384615385 0.18028846153846154 0.27884615384615385
0 0.2163461538461539 0.28846153846153844 0.08894230769230772 0.28846153846153844 0.08894230769230774 0.4735576923076923 0.2163461538461539 0.4735576923076923
0 0.22355769230769235 2.252054810932032e-17 0.14423076923076922 1.7663174987702212e-17 0.14423076923076925 0.31009615384615385 0.22355769230769237 0.31009615384615385
0 0.28846153846153855 0.40865384615384615 0.20913461538461545 0.40865384615384615 0.20913461538461545 0.5120192307692307 0.28846153846153855 0.5120192307692307
0 0.31009615384615385 0.17788461538461542 0.27163461538461536 0.1778846153846154 0.2716346153846154 0.4375 0.31009615384615385 0.4375
0 0.31009615384615385 0.43990384615384615 0.2860576923076924 0.43990384615384615 0.2860576923076924 0.5096153846153846 0.31009615384615385 0.5096153846153846
0 0.3293269230769231 0.45913461538461536 0.31009615384615385 0.45913461538461536 0.31009615384615385 0.5120192307692307 0.3293269230769231 0.5120192307692307
0 0.3605769230769231 0.47115384615384615 0.3317307692307692 0.47115384615384615 0.3317307692307692 0.5264423076923077 0.3605769230769231 0.5264423076923077
0 0.37740384615384615 0.20913461538461545 0.3485576923076923 0.20913461538461545 0.3485576923076923 0.38221153846153844 0.37740384615384615 0.38221153846153844
0 0.39663461538461536 0.295673076923077 0.36778846153846156 0.295673076923077 0.36778846153846156 0.41346153846153844 0.39663461538461536 0.41346153846153844
0 0.5408653846153846 0.24038461538461545 0.5192307692307693 0.24038461538461545 0.5192307692307693 0.3798076923076923 0.5408653846153846 0.3798076923076923
0 0.6947115384615384 0.07932692307692314 0.5528846153846154 0.07932692307692314 0.5528846153846154 0.451923076923077 0.6947115384615384 0.45192307692307704
0 0.8076923076923077 0.36057692307692324 0.7788461538461539 0.36057692307692324 0.7788461538461539 0.47355769230769246 0.8076923076923077 0.47355769230769246
0 0.9014423076923077 0.42307692307692324 0.8798076923076923 0.42307692307692324 0.8798076923076923 0.5048076923076924 0.9014423076923077 0.5048076923076924
0 0.8990384615384616 0.35817307692307704 0.8846153846153846 0.35817307692307704 0.8846153846153846 0.4182692307692309 0.8990384615384616 0.4182692307692309
0 0.9230769230769231 0.29807692307692324 0.90625 0.29807692307692324 0.90625 0.37980769230769246 0.9230769230769231 0.37980769230769246
0 0.9254807692307693 0.38942307692307704 0.9086538461538461 0.38942307692307704 0.9086538461538461 0.5000000000000001 0.9254807692307693 0.5000000000000001
0 0.9711538461538461 0.3509615384615386 0.9471153846153846 0.3509615384615386 0.9471153846153846 0.4759615384615386 0.9711538461538461 0.4759615384615386