0 0.18750000000000003 0.23798076923076922 2.914423872970865e-17 0.23798076923076922 4.489390309374311e-17 0.4951923076923077 0.18750000000000006 0.4951923076923077
0 0.26682692307692313 0.3870192307692308 0.1850961538461539 0.3870192307692308 0.1850961538461539 0.5625 0.26682692307692313 0.5625
0 0.32692307692307704 0.6538461538461539 0.25000000000000006 0.6538461538461539 0.25000000000000006 0.8052884615384616 0.32692307692307704 0.8052884615384616
0 0.3317307692307693 0.46875 0.2692307692307693 0.46875 0.2692307692307693 0.6129807692307693 0.3317307692307694 0.6129807692307693
0 0.3629807692307694 0.75 0.3125000000000001 0.75 0.3125000000000001 0.8052884615384616 0.3629807692307694 0.8052884615384616
0 0.36057692307692324 0.7860576923076923 0.32211538461538475 0.7860576923076923 0.32211538461538475 0.8846153846153846 0.36057692307692324 0.8846153846153846
0 0.7115384615384616 0.11057692307692316 0.6033653846153846 0.11057692307692314 0.6033653846153846 0.2596153846153847 0.7115384615384616 0.2596153846153847
0 0.7139423076923077 0.295673076923077 0.6153846153846154 0.295673076923077 0.6153846153846154 0.4567307692307694 0.7139423076923077 0.4567307692307694
0 0.7283653846153846 0.4711538461538463 0.6201923076923077 0.4711538461538463 0.6201923076923077 0.6899038461538461 0.7283653846153846 0.6899038461538461
0 0.7019230769230769 0.2524038461538462 0.6225961538461539 0.2524038461538462 0.6225961538461539 0.3149038461538463 0.7019230769230769 0.3149038461538463
0 0.7355769230769231 0.6947115384615384 0.6322115384615384 0.6947115384615384 0.6322115384615384 0.8653846153846154 0.7355769230769231 0.8653846153846154
0 0.7355769230769231 0.90625 0.6442307692307693 0.90625 0.6442307692307693 0.9975961538461539 0.7355769230769231 0.9975961538461539
0 0.9975961538461539 0.5769230769230771 0.9230769230769231 0.5769230769230771 0.9230769230769231 0.8413461538461539 0.9975961538461539 0.8413461538461539