0 0.31971153846153844 0.47596153846153844 0.016826923076923135 0.47596153846153844 0.01682692307692314 0.5288461538461539 0.31971153846153844 0.5288461538461539
0 0.3605769230769231 0.24519230769230774 0.016826923076923107 0.24519230769230768 0.016826923076923114 0.3317307692307692 0.3605769230769231 0.3317307692307692
0 0.4110576923076923 0.07211538461538464 0.03846153846153848 0.07211538461538461 0.038461538461538484 0.26682692307692313 0.4110576923076923 0.26682692307692313
0 0.2788461538461539 0.34375 0.06250000000000003 0.34375 0.06250000000000004 0.47115384615384615 0.2788461538461539 0.47115384615384615
0 0.2379807692307693 0.6875 0.0817307692307693 0.6875 0.08173076923076932 0.7163461538461539 0.2379807692307693 0.7163461538461539
0 0.2379807692307693 0.5625 0.08413461538461545 0.5625 0.08413461538461545 0.6730769230769231 0.2379807692307693 0.6730769230769231
0 0.48557692307692324 0.5793269230769231 0.45192307692307704 0.5793269230769231 0.45192307692307704 0.6899038461538461 0.48557692307692324 0.6899038461538461
0 0.49519230769230776 0.26201923076923084 0.4639423076923077 0.26201923076923084 0.46394230769230776 0.5625 0.4951923076923078 0.5625
0 0.5144230769230771 0.6129807692307693 0.47836538461538475 0.6129807692307693 0.47836538461538475 0.6947115384615384 0.5144230769230771 0.6947115384615384
0 0.5264423076923078 0.6802884615384616 0.5048076923076924 0.6802884615384616 0.5048076923076924 0.7596153846153846 0.5264423076923078 0.7596153846153846
0 0.6730769230769231 0.46634615384615397 0.5793269230769231 0.46634615384615397 0.5793269230769231 0.6850961538461539 0.6730769230769231 0.6850961538461539
0 0.7283653846153846 0.3990384615384617 0.7019230769230769 0.3990384615384617 0.7019230769230769 0.6875 0.7283653846153846 0.6875
0 0.7764423076923077 0.5504807692307694 0.7235576923076923 0.5504807692307694 0.7235576923076923 0.7259615384615384 0.7764423076923077 0.7259615384615384
0 0.8004807692307693 9.43507930593093e-17 0.7403846153846154 9.067096493687133e-17 0.7403846153846154 0.5504807692307694 0.8004807692307693 0.5504807692307694
0 0.9951923076923077 0.6009615384615385 0.78125 0.6009615384615385 0.78125 0.7139423076923077 0.9951923076923077 0.7139423076923077
0 0.9975961538461539 0.1562500000000001 0.8317307692307693 0.15625000000000006 0.8317307692307693 0.35817307692307704 0.9975961538461539 0.35817307692307704
0 1 0.3317307692307694 0.8413461538461539 0.3317307692307694 0.8413461538461539 0.45913461538461553 1 0.45913461538461553
0 1 0.4326923076923078 0.8413461538461539 0.4326923076923078 0.8413461538461539 0.5625000000000001 1 0.5625000000000001
0 0.9975961538461539 1.127499336714991e-16 0.84375 1.0332957367805793e-16 0.84375 0.13221153846153857 0.9975961538461539 0.1322115384615386