0 0.17788461538461545 0.3605769230769231 0.10336538461538465 0.3605769230769231 0.10336538461538466 0.6274038461538461 0.17788461538461545 0.6274038461538461
0 0.22596153846153852 0.7475961538461539 0.17307692307692316 0.7475961538461539 0.17307692307692316 0.8317307692307693 0.22596153846153852 0.8317307692307693
0 0.2932692307692308 0.1730769230769231 0.17548076923076922 0.17307692307692307 0.17548076923076927 0.2836538461538462 0.29326923076923084 0.2836538461538462
0 0.34134615384615397 0.5817307692307693 0.19951923076923084 0.5817307692307693 0.19951923076923084 0.7043269230769231 0.34134615384615397 0.7043269230769231
0 0.33894230769230776 0.4567307692307692 0.20913461538461545 0.4567307692307692 0.20913461538461545 0.5673076923076923 0.3389423076923078 0.5673076923076923
0 0.3389423076923077 0.38461538461538464 0.2163461538461539 0.38461538461538464 0.2163461538461539 0.4543269230769231 0.3389423076923077 0.4543269230769231
0 0.3317307692307692 0.26682692307692313 0.22115384615384615 0.2668269230769231 0.2211538461538462 0.3918269230769231 0.3317307692307692 0.3918269230769231
0 0.4375000000000001 0.7331730769230769 0.37259615384615397 0.7331730769230769 0.37259615384615397 0.7716346153846154 0.4375000000000001 0.7716346153846154
0 0.5384615384615385 0.5985576923076923 0.4711538461538463 0.5985576923076923 0.4711538461538463 0.7067307692307693 0.5384615384615385 0.7067307692307693
0 0.528846153846154 0.7067307692307693 0.47355769230769246 0.7067307692307693 0.47355769230769246 0.7860576923076923 0.528846153846154 0.7860576923076923
0 0.7163461538461539 0.02644230769230777 0.5865384615384616 0.02644230769230776 0.5865384615384616 0.39663461538461553 0.7163461538461539 0.39663461538461553
0 0.7932692307692307 0.4567307692307694 0.6466346153846154 0.4567307692307694 0.6466346153846154 0.6298076923076923 0.7932692307692307 0.6298076923076923
0 0.8461538461538461 0.6634615384615384 0.7403846153846154 0.6634615384615384 0.7403846153846154 0.7427884615384616 0.8461538461538461 0.7427884615384616
0 0.8894230769230769 0.7163461538461539 0.7475961538461539 0.7163461538461539 0.7475961538461539 0.8197115384615384 0.8894230769230769 0.8197115384615384
0 0.9350961538461539 0.6826923076923077 0.8341346153846154 0.6826923076923077 0.8341346153846154 0.7668269230769231 0.9350961538461539 0.7668269230769231
0 0.9399038461538461 0.44711538461538475 0.8389423076923077 0.44711538461538475 0.8389423076923077 0.5793269230769232 0.9399038461538461 0.5793269230769232