0 0.028846153846153855 1.7663174987702216e-18 0 0 7.359656244875921e-18 0.1201923076923077 0.02884615384615386 0.1201923076923077
0 0.32211538461538464 0.3629807692307692 0.1971153846153847 0.3629807692307692 0.1971153846153847 0.5168269230769231 0.32211538461538464 0.5168269230769231
0 0.3533653846153847 0.5528846153846154 0.2740384615384616 0.5528846153846154 0.2740384615384616 0.6418269230769231 0.35336538461538475 0.6418269230769231
0 0.38461538461538475 0.5841346153846154 0.3437500000000001 0.5841346153846154 0.3437500000000001 0.6370192307692307 0.38461538461538475 0.6370192307692307
0 0.605769230769231 0.6514423076923077 0.5504807692307694 0.6514423076923077 0.5504807692307694 0.7163461538461539 0.605769230769231 0.7163461538461539
0 0.6298076923076923 0.2860576923076924 0.5625 0.2860576923076924 0.5625 0.32692307692307704 0.6298076923076923 0.32692307692307704
0 0.6225961538461539 0.47355769230769246 0.5673076923076923 0.47355769230769246 0.5673076923076923 0.5168269230769232 0.6225961538461539 0.5168269230769232
0 0.6610576923076923 0.5264423076923078 0.5745192307692307 0.5264423076923078 0.5745192307692308 0.7019230769230769 0.6610576923076923 0.7019230769230769
0 0.6754807692307693 0.6971153846153846 0.5937500000000001 0.6971153846153846 0.5937500000000001 0.7668269230769231 0.6754807692307693 0.7668269230769231
0 0.7235576923076923 0.5360576923076924 0.6418269230769231 0.5360576923076924 0.6418269230769231 0.6730769230769231 0.7235576923076923 0.6730769230769231
0 0.7067307692307693 0.6778846153846154 0.6754807692307693 0.6778846153846154 0.6754807692307693 0.7403846153846154 0.7067307692307693 0.7403846153846154
0 0.8990384615384616 0.4495192307692309 0.7572115384615384 0.4495192307692309 0.7572115384615384 0.6009615384615385 0.8990384615384616 0.6009615384615385
0 0.9975961538461539 0.004807692307692416 0.7908653846153846 0.004807692307692403 0.7908653846153846 0.4687500000000001 0.9975961538461539 0.4687500000000001
0 0.9975961538461539 0.4014423076923078 0.9471153846153846 0.4014423076923078 0.9471153846153846 0.5264423076923078 0.9975961538461539 0.5264423076923078