0 0.625 0.06490384615384621 0.47836538461538464 0.0649038461538462 0.47836538461538464 0.14903846153846162 0.625 0.14903846153846162
0 0.07692307692307697 0.3894230769230769 0.012019230769230817 0.3894230769230769 0.012019230769230827 0.5480769230769231 0.076923076923077 0.5480769230769231
0 0.1153846153846154 7.948428744465995e-18 0.014423076923076924 1.766317498770221e-18 0.014423076923076945 0.34375 0.11538461538461542 0.34375
0 0.21875000000000006 0.4519230769230769 0.1658653846153847 0.4519230769230769 0.1658653846153847 0.5240384615384616 0.21875000000000006 0.5240384615384616
0 0.32932692307692324 0.7115384615384616 0.2548076923076924 0.7115384615384616 0.2548076923076924 0.7692307692307693 0.32932692307692324 0.7692307692307693
0 0.3245192307692309 0.5649038461538461 0.264423076923077 0.5649038461538461 0.264423076923077 0.6177884615384616 0.3245192307692309 0.6177884615384616
0 0.41826923076923084 0.5168269230769231 0.32211538461538464 0.5168269230769231 0.3221153846153847 0.5769230769230769 0.4182692307692309 0.5769230769230769
0 0.591346153846154 0.5841346153846154 0.4567307692307694 0.5841346153846154 0.4567307692307694 0.6298076923076923 0.591346153846154 0.6298076923076923
0 0.6105769230769231 0.4254807692307693 0.4639423076923077 0.4254807692307692 0.46394230769230776 0.5817307692307693 0.6105769230769232 0.5817307692307694
0 0.6081730769230769 0.2716346153846155 0.4879807692307692 0.2716346153846155 0.4879807692307692 0.4278846153846155 0.6081730769230769 0.42788461538461553
0 0.6057692307692307 0.14182692307692316 0.49038461538461536 0.14182692307692316 0.49038461538461536 0.2740384615384616 0.6057692307692307 0.2740384615384616
0 0.7355769230769231 0.42067307692307704 0.6610576923076923 0.42067307692307704 0.6610576923076923 0.5649038461538463 0.7355769230769231 0.5649038461538463
0 0.9423076923076923 0.31730769230769246 0.9158653846153846 0.31730769230769246 0.9158653846153846 0.38942307692307704 0.9423076923076923 0.38942307692307704
0 0.9951923076923077 0.3052884615384617 0.9399038461538461 0.3052884615384617 0.9399038461538461 0.39663461538461553 0.9951923076923077 0.39663461538461553
0 1 0.38942307692307704 0.96875 0.38942307692307704 0.96875 0.6153846153846154 1 0.6153846153846154