0 0.8269230769230769 0.033653846153846236 0.4639423076923077 0.033653846153846215 0.46394230769230776 0.6346153846153846 0.8269230769230769 0.6346153846153846
0 0.06490384615384624 0.6706730769230769 0.04567307692307701 0.6706730769230769 0.04567307692307701 0.7259615384615384 0.06490384615384624 0.7259615384615384
0 0.11778846153846162 0.6538461538461539 0.06490384615384624 0.6538461538461539 0.06490384615384624 0.7235576923076923 0.11778846153846165 0.7235576923076923
0 0.17307692307692316 0.6947115384615384 0.14663461538461545 0.6947115384615384 0.14663461538461547 0.7379807692307693 0.17307692307692316 0.7379807692307693
0 0.2692307692307693 0.53125 0.20192307692307698 0.53125 0.20192307692307698 0.6971153846153846 0.2692307692307693 0.6971153846153846
0 0.34615384615384615 0.36778846153846156 0.2379807692307693 0.36778846153846156 0.2379807692307693 0.49038461538461536 0.34615384615384615 0.49038461538461536
0 0.32211538461538475 0.6826923076923077 0.26682692307692313 0.6826923076923077 0.26682692307692313 0.7475961538461539 0.32211538461538475 0.7475961538461539
0 0.4302884615384616 0.5240384615384616 0.3293269230769231 0.5240384615384616 0.32932692307692313 0.5697115384615384 0.4302884615384617 0.5697115384615384
0 0.4711538461538463 0.6274038461538461 0.3870192307692309 0.6274038461538461 0.3870192307692309 0.6682692307692307 0.4711538461538463 0.6682692307692307
0 0.5096153846153846 0.5096153846153846 0.4375 0.5096153846153846 0.4375 0.5576923076923077 0.5096153846153846 0.5576923076923077
0 0.560096153846154 0.6875 0.47355769230769246 0.6875 0.47355769230769246 0.7283653846153846 0.560096153846154 0.7283653846153846
0 0.6586538461538461 0.6682692307692307 0.5528846153846155 0.6682692307692307 0.5528846153846155 0.7427884615384616 0.6586538461538461 0.7427884615384616
0 0.7283653846153846 0.6730769230769231 0.6514423076923077 0.6730769230769231 0.6514423076923077 0.7307692307692307 0.7283653846153846 0.7307692307692307
0 0.8413461538461539 0.6778846153846154 0.7331730769230769 0.6778846153846154 0.7331730769230769 0.7307692307692307 0.8413461538461539 0.7307692307692307