0 0.2812500000000001 0.37259615384615385 0.033653846153846194 0.37259615384615385 0.033653846153846236 0.9423076923076923 0.2812500000000001 0.9423076923076923
0 0.040865384615384706 0.5865384615384616 7.183024494998899e-17 0.5865384615384616 9.685307618256712e-17 0.9951923076923077 0.040865384615384734 0.9951923076923077
0 0.21153846153846156 0.18028846153846154 0.11778846153846158 0.18028846153846154 0.11778846153846158 0.40865384615384615 0.21153846153846162 0.40865384615384615
0 0.32692307692307704 0.8509615384615384 0.24519230769230782 0.8509615384615384 0.24519230769230782 0.9927884615384616 0.32692307692307704 0.9927884615384616
0 0.7139423076923077 6.123233995736766e-17 0.2860576923076923 3.5031963725609385e-17 0.28605769230769235 0.33894230769230776 0.7139423076923077 0.3389423076923078
0 0.43509615384615397 0.8557692307692307 0.3509615384615386 0.8557692307692307 0.3509615384615386 0.9927884615384616 0.43509615384615397 0.9927884615384616
0 0.9014423076923077 0.6850961538461539 0.37259615384615397 0.6850961538461539 0.37259615384615397 0.8725961538461539 0.9014423076923077 0.8725961538461539
0 0.560096153846154 0.8629807692307693 0.4687500000000001 0.8629807692307693 0.4687500000000001 0.9951923076923077 0.560096153846154 0.9951923076923077
0 0.7043269230769231 0.8653846153846154 0.6274038461538461 0.8653846153846154 0.6274038461538461 0.9975961538461539 0.7043269230769231 0.9975961538461539
0 0.8966346153846154 0.8365384615384616 0.7788461538461539 0.8365384615384616 0.7788461538461539 0.9879807692307693 0.8966346153846154 0.9879807692307693
0 0.9326923076923077 0.7019230769230769 0.90625 0.7019230769230769 0.90625 0.8581730769230769 0.9326923076923077 0.8581730769230769
0 1 0.11298076923076936 0.9230769230769231 0.11298076923076933 0.9230769230769231 0.9879807692307693 1 0.9879807692307693