0 0.06490384615384617 3.9742143722329985e-18 0 0 2.7377921230938423e-17 0.44711538461538464 0.0649038461538462 0.44711538461538464
0 0.3485576923076923 2.5905989981963243e-17 0.07451923076923077 9.125973743646142e-18 0.0745192307692308 0.40384615384615385 0.3485576923076923 0.40384615384615385
0 0.2716346153846155 0.3918269230769231 0.17067307692307698 0.3918269230769231 0.17067307692307698 0.6153846153846154 0.2716346153846155 0.6153846153846154
0 0.3894230769230769 0.11298076923076926 0.35096153846153844 0.11298076923076926 0.35096153846153844 0.5168269230769231 0.3894230769230769 0.5168269230769231
0 0.4206730769230769 0.12980769230769235 0.3894230769230769 0.12980769230769235 0.3894230769230769 0.5168269230769231 0.4206730769230769 0.5168269230769231
0 0.44471153846153844 0.12980769230769237 0.4254807692307692 0.12980769230769237 0.4254807692307692 0.20913461538461545 0.44471153846153844 0.20913461538461545
0 0.4423076923076923 0.21394230769230776 0.4254807692307692 0.21394230769230776 0.4254807692307692 0.3389423076923077 0.4423076923076923 0.3389423076923077
0 0.4423076923076923 0.03365384615384621 0.43028846153846156 0.03365384615384621 0.43028846153846156 0.12740384615384623 0.4423076923076923 0.12740384615384623
0 0.6009615384615385 0.5072115384615385 0.4375 0.5072115384615384 0.43750000000000006 0.65625 0.6009615384615385 0.65625
0 0.6177884615384616 0.4399038461538462 0.5432692307692307 0.43990384615384615 0.5432692307692307 0.5336538461538463 0.6177884615384616 0.5336538461538463
0 0.9975961538461539 0.4927884615384617 0.9278846153846154 0.4927884615384617 0.9278846153846154 0.5480769230769232 0.9975961538461539 0.5480769230769232