0 0.45913461538461536 0.20913461538461542 0.18990384615384615 0.2091346153846154 0.1899038461538462 0.4375 0.45913461538461536 0.4375
0 0.08413461538461543 0.3245192307692308 3.9742143722329966e-17 0.3245192307692308 5.328391121290167e-17 0.5456730769230769 0.08413461538461545 0.5456730769230769
0 0.10336538461538464 0.06250000000000001 7.654042494670958e-18 0.0625 1.9576685611369948e-17 0.25721153846153844 0.10336538461538465 0.25721153846153844
0 0.16346153846153852 0.6442307692307693 0.108173076923077 0.6442307692307693 0.10817307692307701 0.7019230769230769 0.16346153846153852 0.7019230769230769
0 0.18269230769230776 0.3798076923076923 0.12500000000000003 0.3798076923076923 0.12500000000000006 0.47596153846153844 0.18269230769230776 0.47596153846153844
0 0.44951923076923084 0.40384615384615385 0.1971153846153847 0.40384615384615385 0.1971153846153847 0.5913461538461539 0.4495192307692309 0.5913461538461539
0 0.25000000000000006 0.6105769230769231 0.20192307692307698 0.6105769230769231 0.20192307692307698 0.6658653846153846 0.25000000000000006 0.6658653846153846
0 0.5865384615384616 4.916250371577116e-17 0.21634615384615385 2.6494762481553316e-17 0.21634615384615385 0.2211538461538462 0.5865384615384616 0.22115384615384623
0 0.32211538461538475 0.6129807692307693 0.2548076923076924 0.6129807692307693 0.2548076923076924 0.6586538461538461 0.32211538461538475 0.6586538461538461
0 0.3822115384615386 0.6153846153846154 0.32211538461538475 0.6153846153846154 0.32211538461538475 0.6538461538461539 0.3822115384615386 0.6538461538461539
0 0.46634615384615397 0.625 0.39182692307692324 0.625 0.39182692307692324 0.6658653846153846 0.46634615384615397 0.6658653846153846
0 0.6201923076923077 0.6177884615384616 0.4711538461538463 0.6177884615384616 0.4711538461538463 0.6682692307692307 0.6201923076923077 0.6682692307692307
0 0.5961538461538463 0.25721153846153855 0.47836538461538464 0.25721153846153855 0.4783653846153847 0.6057692307692308 0.5961538461538463 0.605769230769231
0 0.6850961538461539 0.12259615384615391 0.5673076923076923 0.12259615384615391 0.5673076923076923 0.23557692307692316 0.6850961538461539 0.23557692307692316
0 0.6754807692307693 0.605769230769231 0.6201923076923077 0.605769230769231 0.6201923076923077 0.6538461538461539 0.6754807692307693 0.6538461538461539
0 0.7836538461538461 0.3365384615384617 0.7283653846153846 0.3365384615384617 0.7283653846153846 0.5552884615384617 0.7836538461538461 0.5552884615384617
0 0.8269230769230769 0.3942307692307694 0.7980769230769231 0.3942307692307694 0.7980769230769231 0.5048076923076924 0.8269230769230769 0.5048076923076924
0 0.8701923076923077 0.42067307692307704 0.8173076923076923 0.42067307692307704 0.8173076923076923 0.4759615384615386 0.8701923076923077 0.4759615384615386
0 0.9086538461538461 0.46634615384615397 0.8653846153846154 0.46634615384615397 0.8653846153846154 0.5649038461538463 0.9086538461538461 0.5649038461538463
0 1 0.26442307692307704 0.9423076923076923 0.26442307692307704 0.9423076923076923 0.5528846153846155 1 0.5528846153846155