0 0.21153846153846162 0.7091346153846154 0.19951923076923084 0.7091346153846154 0.19951923076923084 0.8052884615384616 0.21153846153846162 0.8052884615384616
0 0.21875000000000006 0.625 0.19951923076923084 0.625 0.19951923076923084 0.6802884615384616 0.21875000000000006 0.6802884615384616
0 0.23557692307692316 0.49759615384615385 0.20192307692307698 0.49759615384615385 0.20192307692307698 0.5649038461538461 0.23557692307692316 0.5649038461538461
0 0.22115384615384623 0.5697115384615384 0.20432692307692316 0.5697115384615384 0.20432692307692316 0.625 0.22115384615384623 0.625
0 0.23557692307692316 0.3317307692307692 0.22115384615384623 0.3317307692307692 0.22115384615384623 0.38461538461538464 0.23557692307692316 0.38461538461538464
0 0.3028846153846155 0.5913461538461539 0.2548076923076924 0.5913461538461539 0.2548076923076924 0.6850961538461539 0.3028846153846155 0.6850961538461539
0 0.3485576923076924 0.5432692307692307 0.31490384615384615 0.5432692307692307 0.3149038461538462 0.5985576923076923 0.34855769230769246 0.5985576923076923
0 0.4302884615384616 0.5552884615384616 0.41346153846153844 0.5552884615384616 0.41346153846153855 0.6490384615384616 0.4302884615384617 0.6490384615384616
0 0.5817307692307693 0.3725961538461539 0.5024038461538461 0.37259615384615385 0.5024038461538461 0.5504807692307693 0.5817307692307693 0.5504807692307694
0 0.5721153846153848 0.7067307692307693 0.528846153846154 0.7067307692307693 0.528846153846154 0.7475961538461539 0.5721153846153848 0.7475961538461539
0 0.6033653846153847 0.4134615384615386 0.5769230769230769 0.4134615384615386 0.576923076923077 0.560096153846154 0.6033653846153848 0.560096153846154
0 0.7211538461538461 0.1971153846153847 0.6298076923076923 0.1971153846153847 0.6298076923076923 0.3701923076923078 0.7211538461538461 0.3701923076923078
0 0.7572115384615384 0.7451923076923077 0.6394230769230769 0.7451923076923077 0.6394230769230769 0.7980769230769231 0.7572115384615384 0.7980769230769231
0 0.7572115384615384 0.6009615384615385 0.6466346153846154 0.6009615384615385 0.6466346153846154 0.7475961538461539 0.7572115384615384 0.7475961538461539
0 0.8918269230769231 0.3774038461538463 0.7548076923076923 0.3774038461538463 0.7548076923076923 0.49759615384615397 0.8918269230769231 0.49759615384615397
0 0.8725961538461539 0.49759615384615397 0.7908653846153846 0.49759615384615397 0.7908653846153846 0.6081730769230771 0.8725961538461539 0.6081730769230771
0 0.8774038461538461 0.6225961538461539 0.8557692307692307 0.6225961538461539 0.8557692307692307 0.7067307692307693 0.8774038461538461 0.7067307692307693
0 1 1.1466344429516683e-16 0.8725961538461539 1.0686220867559837e-16 0.8725961538461539 0.12259615384615397 1 0.12259615384615398