0 0.7956730769230769 0.39182692307692324 0.7211538461538461 0.39182692307692324 0.7211538461538461 0.7716346153846154 0.7956730769230769 0.7716346153846154
0 0.20192307692307696 2.0459844360755062e-17 0.13221153846153846 1.6191243738727026e-17 0.1322115384615385 0.41346153846153844 0.20192307692307698 0.41346153846153844
0 0.25000000000000006 0.18990384615384615 0.20673076923076922 0.18990384615384615 0.20673076923076927 0.5408653846153846 0.25000000000000006 0.5408653846153846
0 0.2860576923076924 0.34615384615384615 0.25000000000000006 0.34615384615384615 0.25000000000000006 0.6129807692307693 0.2860576923076924 0.6129807692307693
0 0.3028846153846155 0.4567307692307692 0.2740384615384616 0.4567307692307692 0.2740384615384616 0.6514423076923077 0.3028846153846155 0.6514423076923077
0 0.4711538461538462 0.5384615384615384 0.40384615384615385 0.5384615384615384 0.4038461538461539 0.5721153846153846 0.4711538461538463 0.5721153846153846
0 0.46634615384615385 0.5024038461538461 0.41346153846153844 0.5024038461538461 0.41346153846153844 0.5384615384615384 0.46634615384615385 0.5384615384615384
0 0.5288461538461539 0.3605769230769231 0.4423076923076923 0.3605769230769231 0.4423076923076923 0.41346153846153844 0.5288461538461539 0.41346153846153844
0 0.5192307692307693 0.14182692307692316 0.47115384615384615 0.14182692307692316 0.47115384615384615 0.18990384615384623 0.5192307692307693 0.18990384615384623
0 0.7163461538461539 0.35336538461538475 0.5985576923076923 0.35336538461538475 0.5985576923076924 0.6394230769230769 0.7163461538461539 0.6394230769230769
0 0.7475961538461539 0.36538461538461553 0.6875 0.36538461538461553 0.6875 0.591346153846154 0.7475961538461539 0.591346153846154
0 0.7524038461538461 0.19951923076923084 0.7019230769230769 0.19951923076923084 0.7019230769230769 0.36057692307692324 0.7524038461538461 0.36057692307692324
0 0.9615384615384616 0.41105769230769246 0.7788461538461539 0.41105769230769246 0.7788461538461539 0.75 0.9615384615384616 0.75
0 1 0.019230769230769343 0.8269230769230769 0.019230769230769332 0.8269230769230769 0.4134615384615386 1 0.4134615384615386