0 0.22115384615384615 1.5160891864444396e-17 0.026442307692307692 3.2382487477454054e-18 0.026442307692307702 0.12980769230769232 0.22115384615384615 0.12980769230769235
0 0.24278846153846154 0.004807692307692334 0.1971153846153846 0.004807692307692331 0.1971153846153846 0.16346153846153846 0.24278846153846154 0.16346153846153846
0 0.3389423076923077 0.3942307692307692 0.3076923076923077 0.3942307692307692 0.3076923076923077 0.47596153846153844 0.3389423076923077 0.47596153846153844
0 0.4110576923076923 0.18750000000000006 0.34375 0.18750000000000006 0.34375 0.295673076923077 0.4110576923076923 0.295673076923077
0 0.42788461538461536 0.3389423076923077 0.3942307692307692 0.3389423076923077 0.3942307692307692 0.5 0.42788461538461536 0.5
0 0.5192307692307693 0.1850961538461539 0.4182692307692308 0.1850961538461539 0.4182692307692308 0.26682692307692313 0.5192307692307693 0.26682692307692313
0 0.5048076923076923 0.26682692307692313 0.42788461538461536 0.26682692307692313 0.42788461538461536 0.39663461538461536 0.5048076923076923 0.39663461538461536
0 0.5288461538461539 0.3173076923076923 0.5072115384615384 0.3173076923076923 0.5072115384615384 0.4254807692307692 0.5288461538461539 0.4254807692307692
0 0.5504807692307693 0.35336538461538464 0.5264423076923077 0.35336538461538464 0.5264423076923077 0.4543269230769231 0.5504807692307693 0.4543269230769231
0 0.6466346153846154 0.39182692307692313 0.5528846153846154 0.3918269230769231 0.5528846153846154 0.47596153846153855 0.6466346153846154 0.4759615384615386
0 0.6298076923076923 0.15144230769230776 0.5528846153846154 0.15144230769230776 0.5528846153846154 0.22596153846153852 0.6298076923076923 0.22596153846153852
0 0.6322115384615384 0.2283653846153847 0.5528846153846154 0.2283653846153847 0.5528846153846154 0.2860576923076924 0.6322115384615384 0.2860576923076924
0 0.6346153846153846 0.4903846153846155 0.5528846153846154 0.49038461538461536 0.5528846153846154 0.5841346153846154 0.6346153846153846 0.5841346153846155
0 0.7043269230769231 0.264423076923077 0.6322115384615384 0.264423076923077 0.6322115384615384 0.35817307692307704 0.7043269230769231 0.35817307692307704
0 0.7067307692307693 0.3750000000000001 0.6514423076923077 0.3750000000000001 0.6514423076923077 0.4687500000000001 0.7067307692307693 0.4687500000000001
0 0.7043269230769231 0.5000000000000001 0.6923076923076923 0.5000000000000001 0.6923076923076923 0.5793269230769232 0.7043269230769231 0.5793269230769232
0 0.71875 0.49038461538461553 0.6995192307692307 0.49038461538461553 0.6995192307692307 0.5721153846153848 0.71875 0.5721153846153848
0 0.7259615384615384 0.5000000000000001 0.7139423076923077 0.5000000000000001 0.7139423076923077 0.5673076923076924 0.7259615384615384 0.5673076923076924
0 0.7379807692307693 0.4951923076923078 0.7235576923076923 0.4951923076923078 0.7235576923076923 0.5673076923076924 0.7379807692307693 0.5673076923076924
0 1 0.14903846153846165 0.96875 0.14903846153846165 0.96875 0.35817307692307704 1 0.35817307692307704