0 0.3221153846153847 0.03605769230769233 0.03125000000000001 0.036057692307692304 0.03125000000000006 0.9711538461538461 0.32211538461538475 0.9711538461538461
0 0.07932692307692316 0.47115384615384615 0.004807692307692365 0.47115384615384615 0.004807692307692382 0.7235576923076923 0.07932692307692318 0.7235576923076923
0 0.2740384615384617 0.8389423076923077 0.04807692307692318 0.8389423076923077 0.04807692307692318 0.8942307692307693 0.2740384615384617 0.8942307692307693
0 0.17788461538461545 0.7596153846153846 0.06730769230769239 0.7596153846153846 0.0673076923076924 0.8125 0.17788461538461545 0.8125
0 0.2740384615384616 0.7596153846153846 0.1850961538461539 0.7596153846153846 0.1850961538461539 0.8052884615384616 0.2740384615384616 0.8052884615384616
0 0.5168269230769231 0.16105769230769237 0.28365384615384615 0.16105769230769237 0.2836538461538462 0.8798076923076923 0.5168269230769232 0.8798076923076923
0 0.43990384615384615 0.016826923076923125 0.3605769230769231 0.01682692307692312 0.3605769230769231 0.15625000000000006 0.43990384615384615 0.15625000000000006
0 0.6177884615384616 0.22355769230769237 0.5024038461538461 0.22355769230769237 0.5024038461538461 0.5024038461538463 0.6177884615384616 0.5024038461538463
0 0.7596153846153846 0.28125000000000006 0.6081730769230769 0.28125000000000006 0.608173076923077 0.5817307692307694 0.7596153846153846 0.5817307692307694
0 0.6850961538461539 0.5456730769230771 0.6346153846153846 0.5456730769230771 0.6346153846153846 0.6899038461538461 0.6850961538461539 0.6899038461538461
0 0.7067307692307693 0.5697115384615385 0.6682692307692307 0.5697115384615385 0.6682692307692307 0.8413461538461539 0.7067307692307693 0.8413461538461539
0 0.7836538461538461 0.560096153846154 0.6923076923076923 0.560096153846154 0.6923076923076923 0.6995192307692307 0.7836538461538461 0.6995192307692307
0 0.8125 0.6370192307692307 0.7764423076923077 0.6370192307692307 0.7764423076923077 0.7115384615384616 0.8125 0.7115384615384616
0 0.8653846153846154 0.528846153846154 0.7980769230769231 0.528846153846154 0.7980769230769231 0.8100961538461539 0.8653846153846154 0.8100961538461539
0 0.9278846153846154 0.41586538461538475 0.8365384615384616 0.41586538461538475 0.8365384615384616 0.5144230769230771 0.9278846153846154 0.5144230769230771