0 0.6274038461538461 0.3461538461538462 0.4879807692307692 0.34615384615384615 0.4879807692307693 0.5817307692307693 0.6274038461538461 0.5817307692307694
0 0.18750000000000006 0.5432692307692307 0.15144230769230776 0.5432692307692307 0.15144230769230776 0.625 0.18750000000000006 0.625
0 0.21634615384615385 0.14663461538461542 0.15144230769230774 0.14663461538461542 0.15144230769230774 0.21875 0.21634615384615385 0.21875
0 0.20673076923076922 0.03125000000000002 0.15865384615384615 0.031250000000000014 0.15865384615384615 0.1274038461538462 0.20673076923076922 0.1274038461538462
0 0.1899038461538462 0.24278846153846154 0.16105769230769232 0.24278846153846154 0.16105769230769235 0.3870192307692308 0.18990384615384623 0.3870192307692308
0 0.23076923076923084 0.3629807692307692 0.2067307692307693 0.3629807692307692 0.2067307692307693 0.5480769230769231 0.23076923076923084 0.5480769230769231
0 0.42788461538461536 0.21153846153846162 0.3701923076923077 0.21153846153846162 0.3701923076923077 0.3317307692307692 0.42788461538461536 0.3317307692307692
0 0.4158653846153847 0.4951923076923077 0.38221153846153844 0.4951923076923077 0.38221153846153855 0.6370192307692307 0.41586538461538475 0.6370192307692307
0 0.42788461538461536 0.375 0.38461538461538464 0.375 0.38461538461538464 0.46634615384615385 0.42788461538461536 0.46634615384615385
0 0.6610576923076923 0.5769230769230771 0.5673076923076924 0.5769230769230771 0.5673076923076924 0.7163461538461539 0.6610576923076923 0.7163461538461539
0 0.9134615384615384 0.19951923076923087 0.8004807692307693 0.19951923076923084 0.8004807692307693 0.4951923076923078 0.9134615384615384 0.4951923076923078
0 1 0.3701923076923078 0.9350961538461539 0.3701923076923078 0.9350961538461539 0.5480769230769232 1 0.5480769230769232