0 0.05048076923076931 0.59375 7.27134036993741e-17 0.59375 8.06618324438401e-17 0.7235576923076923 0.050480769230769315 0.7235576923076923
0 0.22115384615384615 0.06250000000000001 7.654042494670958e-18 0.0625 1.9576685611369948e-17 0.25721153846153844 0.22115384615384615 0.25721153846153844
0 0.5576923076923077 0.2932692307692308 0.009615384615384649 0.2932692307692308 0.009615384615384666 0.5432692307692307 0.5576923076923077 0.5432692307692307
0 0.14903846153846162 0.6514423076923077 0.07451923076923085 0.6514423076923077 0.07451923076923085 0.7572115384615384 0.14903846153846165 0.7572115384615384
0 0.1754807692307693 0.3293269230769231 0.12259615384615388 0.3293269230769231 0.1225961538461539 0.5024038461538461 0.1754807692307693 0.5024038461538461
0 0.23317307692307698 0.3485576923076923 0.1850961538461539 0.3485576923076923 0.1850961538461539 0.5048076923076923 0.23317307692307698 0.5048076923076923
0 0.5697115384615384 4.827934496638603e-17 0.21875 2.678914873134835e-17 0.21875 0.19711538461538464 0.5697115384615384 0.1971153846153847
0 0.5144230769230769 0.1586538461538462 0.22355769230769232 0.15865384615384615 0.22355769230769235 0.34615384615384615 0.5144230769230769 0.34615384615384615
0 0.7692307692307693 0.29326923076923084 0.5625 0.29326923076923084 0.5625000000000001 0.560096153846154 0.7692307692307693 0.560096153846154
0 0.7235576923076923 0.15144230769230776 0.5697115384615384 0.15144230769230776 0.5697115384615384 0.3557692307692309 0.7235576923076923 0.3557692307692309
0 0.7163461538461539 0.4086538461538463 0.6706730769230769 0.4086538461538463 0.6706730769230769 0.5480769230769232 0.7163461538461539 0.5480769230769232
0 0.8125 0.38942307692307704 0.7692307692307693 0.38942307692307704 0.7692307692307693 0.5096153846153848 0.8125 0.5096153846153848
0 0.8100961538461539 0.5144230769230771 0.7788461538461539 0.5144230769230771 0.7788461538461539 0.5625000000000001 0.8100961538461539 0.5625000000000001
0 0.8461538461538461 1.0112167680459516e-16 0.8052884615384616 9.861939368133734e-17 0.8052884615384616 0.045673076923077024 0.8461538461538461 0.045673076923077024
0 0.8653846153846154 0.050480769230769336 0.8100961538461539 0.050480769230769336 0.8100961538461539 0.33413461538461553 0.8653846153846154 0.33413461538461553
0 0.8942307692307693 0.28605769230769246 0.8413461538461539 0.28605769230769246 0.8413461538461539 0.49038461538461553 0.8942307692307693 0.49038461538461553
0 0.9975961538461539 0.3461538461538463 0.9855769230769231 0.3461538461538463 0.9855769230769231 0.48317307692307704 0.9975961538461539 0.48317307692307704