0 0.5961538461538461 0.1754807692307693 0.44471153846153844 0.1754807692307693 0.44471153846153844 0.4278846153846155 0.5961538461538461 0.42788461538461553
0 0.22115384615384623 0.6634615384615384 0.17788461538461545 0.6634615384615384 0.17788461538461545 0.7908653846153846 0.22115384615384623 0.7908653846153846
0 0.21875000000000006 0.4807692307692308 0.18269230769230776 0.4807692307692308 0.18269230769230776 0.5913461538461539 0.21875000000000006 0.5913461538461539
0 0.21875000000000006 0.4423076923076923 0.1971153846153847 0.4423076923076923 0.1971153846153847 0.47596153846153844 0.21875000000000006 0.47596153846153844
0 0.3798076923076923 0.2716346153846154 0.2283653846153846 0.27163461538461536 0.22836538461538464 0.37740384615384615 0.3798076923076923 0.37740384615384615
0 0.3629807692307693 0.5120192307692307 0.24278846153846162 0.5120192307692307 0.24278846153846162 0.6105769230769231 0.3629807692307694 0.6105769230769231
0 0.3701923076923077 0.3581730769230769 0.24278846153846162 0.3581730769230769 0.24278846153846162 0.5192307692307693 0.3701923076923077 0.5192307692307693
0 0.40144230769230776 0.4110576923076923 0.375 0.4110576923076923 0.37500000000000006 0.5649038461538461 0.4014423076923078 0.5649038461538461
0 0.6105769230769231 0.46634615384615397 0.5913461538461539 0.46634615384615397 0.591346153846154 0.6899038461538461 0.6105769230769232 0.6899038461538461
0 0.7259615384615384 0.8100961538461539 0.6442307692307693 0.8100961538461539 0.6442307692307693 0.8341346153846154 0.7259615384615384 0.8341346153846154
0 0.7139423076923077 0.6995192307692307 0.6899038461538461 0.6995192307692307 0.6899038461538461 0.78125 0.7139423076923077 0.78125