0 0.06009615384615393 0.6298076923076923 7.712919744629964e-17 0.6298076923076923 8.257534306750783e-17 0.71875 0.06009615384615393 0.71875
0 0.15625000000000006 0.5384615384615384 0.06250000000000007 0.5384615384615384 0.06250000000000008 0.7067307692307693 0.15625000000000006 0.7067307692307693
0 0.13942307692307698 0.4375 0.07211538461538466 0.4375 0.07211538461538468 0.5576923076923077 0.13942307692307698 0.5576923076923077
0 0.23557692307692316 0.6490384615384616 0.13701923076923084 0.6490384615384616 0.13701923076923087 0.7331730769230769 0.23557692307692316 0.7331730769230769
0 0.38461538461538464 0.44711538461538464 0.3293269230769231 0.44711538461538464 0.3293269230769231 0.5072115384615384 0.38461538461538464 0.5072115384615384
0 0.3774038461538462 0.5168269230769231 0.34134615384615385 0.5168269230769231 0.3413461538461539 0.5793269230769231 0.3774038461538463 0.5793269230769231
0 0.3894230769230769 0.3870192307692308 0.34134615384615385 0.3870192307692308 0.34134615384615385 0.44471153846153844 0.3894230769230769 0.44471153846153844
0 0.42067307692307704 0.6274038461538461 0.35817307692307704 0.6274038461538461 0.35817307692307704 0.75 0.42067307692307704 0.75
0 0.5048076923076924 0.6033653846153846 0.42067307692307704 0.6033653846153846 0.42067307692307704 0.7451923076923077 0.5048076923076924 0.7451923076923077
0 0.7331730769230769 0.19471153846153852 0.5817307692307693 0.19471153846153852 0.5817307692307693 0.3629807692307694 0.7331730769230769 0.3629807692307694
0 0.9014423076923077 0.5144230769230771 0.6995192307692307 0.5144230769230771 0.6995192307692307 0.5625000000000001 0.9014423076923077 0.5625000000000001
0 0.9014423076923077 0.3461538461538463 0.7163461538461539 0.3461538461538463 0.7163461538461539 0.4567307692307694 0.9014423076923077 0.4567307692307694
0 0.8052884615384616 0.5649038461538463 0.7427884615384616 0.5649038461538463 0.7427884615384616 0.65625 0.8052884615384616 0.65625
0 0.9639423076923077 0.6754807692307693 0.9182692307692307 0.6754807692307693 0.9182692307692307 0.7427884615384616 0.9639423076923077 0.7427884615384616