0 0.15865384615384623 0.4254807692307692 0.03846153846153851 0.4254807692307692 0.03846153846153852 0.6033653846153846 0.15865384615384623 0.6033653846153846
0 0.19951923076923084 0.6730769230769231 0.15144230769230776 0.6730769230769231 0.15144230769230776 0.7596153846153846 0.19951923076923084 0.7596153846153846
0 0.3052884615384616 0.6514423076923077 0.20192307692307698 0.6514423076923077 0.20192307692307698 0.7403846153846154 0.3052884615384616 0.7403846153846154
0 0.5721153846153847 0.38221153846153855 0.35336538461538464 0.38221153846153844 0.3533653846153847 0.6274038461538461 0.5721153846153848 0.6274038461538461
0 0.5817307692307693 0.18269230769230776 0.3942307692307692 0.18269230769230776 0.3942307692307692 0.4038461538461539 0.5817307692307693 0.40384615384615397
0 0.48317307692307704 0.8125 0.4182692307692309 0.8125 0.4182692307692309 0.90625 0.48317307692307704 0.90625
0 0.59375 0.019230769230769294 0.43990384615384615 0.01923076923076928 0.43990384615384615 0.2067307692307693 0.59375 0.2067307692307693
0 0.7331730769230769 0.7572115384615384 0.6490384615384616 0.7572115384615384 0.6490384615384616 0.8076923076923077 0.7331730769230769 0.8076923076923077
0 0.7764423076923077 0.5360576923076924 0.6514423076923077 0.5360576923076924 0.6514423076923077 0.6105769230769232 0.7764423076923077 0.6105769230769232
0 0.8509615384615384 0.6947115384615384 0.7548076923076923 0.6947115384615384 0.7548076923076923 0.7908653846153846 0.8509615384615384 0.7908653846153846
0 0.9663461538461539 0.6105769230769232 0.8798076923076923 0.6105769230769232 0.8798076923076923 0.8028846153846154 0.9663461538461539 0.8028846153846154
0 1 0.5817307692307694 0.96875 0.5817307692307694 0.96875 0.7163461538461539 1 0.7163461538461539