0 0.1850961538461539 0.4182692307692308 5.122320746433641e-17 0.4182692307692308 6.049637433288006e-17 0.5697115384615384 0.1850961538461539 0.5697115384615384
0 0.1899038461538462 0.1105769230769231 1.3541767490571694e-17 0.11057692307692307 3.7092667474174644e-17 0.4951923076923077 0.18990384615384623 0.4951923076923077
0 0.36778846153846156 0.22115384615384623 0.32211538461538464 0.22115384615384623 0.32211538461538464 0.24519230769230776 0.36778846153846156 0.24519230769230776
0 0.3605769230769231 0.3052884615384616 0.3245192307692308 0.3052884615384616 0.3245192307692308 0.3557692307692308 0.3605769230769231 0.3557692307692308
0 0.5408653846153846 0.23557692307692316 0.4807692307692308 0.23557692307692316 0.4807692307692308 0.2860576923076924 0.5408653846153846 0.2860576923076924
0 0.5408653846153846 0.3004807692307693 0.4807692307692308 0.3004807692307693 0.4807692307692308 0.34134615384615385 0.5408653846153846 0.34134615384615385
0 0.5360576923076923 0.0817307692307693 0.4831730769230769 0.0817307692307693 0.4831730769230769 0.13221153846153852 0.5360576923076923 0.13221153846153852
0 0.5384615384615384 0.44471153846153844 0.49038461538461536 0.44471153846153844 0.49038461538461536 0.5528846153846154 0.5384615384615384 0.5528846153846154
0 0.5432692307692307 0.34615384615384615 0.49278846153846156 0.34615384615384615 0.49278846153846156 0.44471153846153844 0.5432692307692307 0.44471153846153844
0 0.9663461538461539 1.0848133304947108e-16 0.8052884615384616 9.861939368133734e-17 0.8052884615384616 0.4639423076923078 0.9663461538461539 0.4639423076923078
0 0.9375 0.4711538461538463 0.8605769230769231 0.4711538461538463 0.8605769230769231 0.6201923076923077 0.9375 0.6201923076923077