0 0.13942307692307698 0.38461538461538464 0.060096153846153896 0.38461538461538464 0.0600961538461539 0.6057692307692307 0.13942307692307698 0.6057692307692307
0 0.27644230769230776 0.43990384615384615 0.1346153846153847 0.43990384615384615 0.1346153846153847 0.6298076923076923 0.27644230769230776 0.6298076923076923
0 0.21153846153846162 0.2956730769230769 0.1370192307692308 0.2956730769230769 0.1370192307692308 0.4519230769230769 0.21153846153846162 0.4519230769230769
0 0.3389423076923077 0.27403846153846156 0.23798076923076922 0.27403846153846156 0.23798076923076927 0.4326923076923077 0.3389423076923077 0.4326923076923077
0 0.3725961538461539 0.5048076923076923 0.28125000000000006 0.5048076923076923 0.28125000000000006 0.6057692307692307 0.37259615384615397 0.6057692307692307
0 0.43028846153846156 0.43509615384615385 0.3894230769230769 0.43509615384615385 0.3894230769230769 0.5168269230769231 0.43028846153846156 0.5168269230769231
0 0.591346153846154 0.5504807692307693 0.5336538461538461 0.5504807692307693 0.5336538461538463 0.6298076923076923 0.591346153846154 0.6298076923076923
0 0.5961538461538461 0.4038461538461539 0.5336538461538461 0.40384615384615385 0.5336538461538461 0.5408653846153847 0.5961538461538461 0.5408653846153848
0 0.6033653846153846 0.13942307692307698 0.5384615384615384 0.13942307692307698 0.5384615384615384 0.2379807692307693 0.6033653846153846 0.2379807692307693
0 0.8653846153846154 0.5384615384615385 0.6730769230769231 0.5384615384615385 0.6730769230769231 0.6298076923076923 0.8653846153846154 0.6298076923076923
0 0.8028846153846154 0.2740384615384616 0.7307692307692307 0.2740384615384616 0.7307692307692307 0.3437500000000001 0.8028846153846154 0.3437500000000001