0 0.21875000000000003 0.15625 1.9135106236677395e-17 0.15625 3.429599810112179e-17 0.40384615384615385 0.21875000000000006 0.40384615384615385
0 0.3245192307692308 0.3125 0.21153846153846162 0.3125 0.21153846153846162 0.47596153846153844 0.3245192307692308 0.47596153846153844
0 0.6105769230769231 0.44951923076923084 0.2379807692307693 0.4495192307692308 0.2379807692307693 0.7235576923076923 0.6105769230769232 0.7235576923076923
0 0.44471153846153844 0.38461538461538464 0.31971153846153844 0.38461538461538464 0.31971153846153844 0.5408653846153846 0.44471153846153844 0.5408653846153846
0 0.46634615384615385 0.25000000000000006 0.33653846153846156 0.25000000000000006 0.33653846153846156 0.47836538461538464 0.46634615384615385 0.47836538461538464
0 0.5264423076923077 0.46153846153846156 0.4423076923076923 0.46153846153846156 0.4423076923076924 0.5673076923076923 0.5264423076923078 0.5673076923076923
0 0.6514423076923077 0.03365384615384623 0.5625 0.03365384615384622 0.5625 0.16346153846153852 0.6514423076923077 0.16346153846153852
0 0.6802884615384616 0.264423076923077 0.6346153846153846 0.264423076923077 0.6346153846153846 0.37259615384615397 0.6802884615384616 0.37259615384615397
0 0.6682692307692307 0.3774038461538463 0.6442307692307693 0.3774038461538463 0.6442307692307693 0.6177884615384616 0.6682692307692307 0.6177884615384616
0 0.6971153846153846 0.06009615384615393 0.6514423076923077 0.06009615384615393 0.6514423076923077 0.22115384615384623 0.6971153846153846 0.22115384615384623
0 0.6826923076923077 0.38461538461538475 0.6706730769230769 0.38461538461538475 0.6706730769230769 0.7115384615384616 0.6826923076923077 0.7115384615384616
0 0.6971153846153846 0.2596153846153847 0.6730769230769231 0.2596153846153847 0.6730769230769231 0.47836538461538475 0.6971153846153846 0.47836538461538475
0 0.7379807692307693 0.32692307692307704 0.7139423076923077 0.32692307692307704 0.7139423076923077 0.5937500000000001 0.7379807692307693 0.5937500000000001
0 0.8413461538461539 0.23076923076923087 0.78125 0.23076923076923084 0.78125 0.45432692307692324 0.8413461538461539 0.45432692307692324
0 0.9447115384615384 0.43509615384615397 0.9110576923076923 0.43509615384615397 0.9110576923076923 0.4927884615384617 0.9447115384615384 0.4927884615384617
0 0.9543269230769231 0.5793269230769232 0.9278846153846154 0.5793269230769232 0.9278846153846154 0.7259615384615384 0.9543269230769231 0.7259615384615384
0 0.9663461538461539 0.24519230769230782 0.9375 0.24519230769230782 0.9375 0.3822115384615386 0.9663461538461539 0.3822115384615386
0 0.9639423076923077 0.3774038461538463 0.9423076923076923 0.3774038461538463 0.9423076923076923 0.4951923076923078 0.9639423076923077 0.4951923076923078
0 0.9903846153846154 0.5649038461538463 0.9471153846153846 0.5649038461538463 0.9471153846153846 0.7211538461538461 0.9903846153846154 0.7211538461538461
0 0.9759615384615384 0.5048076923076924 0.9471153846153846 0.5048076923076924 0.9471153846153846 0.5576923076923078 0.9759615384615384 0.5576923076923078