0 0.2788461538461539 0.3317307692307692 0.18750000000000006 0.3317307692307692 0.18750000000000006 0.6177884615384616 0.2788461538461539 0.6177884615384616
0 0.14663461538461545 0.4831730769230769 5.91716362088024e-17 0.4831730769230769 7.094708620060388e-17 0.6754807692307693 0.14663461538461545 0.6754807692307693
0 0.1586538461538462 0.18990384615384615 2.3256513733807912e-17 0.18990384615384615 4.3863551219460483e-17 0.5264423076923077 0.15865384615384623 0.5264423076923077
0 0.25721153846153855 0.5961538461538461 0.14182692307692316 0.5961538461538461 0.14182692307692316 0.8173076923076923 0.25721153846153855 0.8173076923076923
0 0.4110576923076924 0.5456730769230769 0.3485576923076923 0.5456730769230769 0.3485576923076924 0.7283653846153846 0.41105769230769246 0.7283653846153846
0 0.4615384615384617 0.6442307692307693 0.4062500000000001 0.6442307692307693 0.4062500000000001 0.7379807692307693 0.4615384615384617 0.7379807692307693
0 0.4639423076923078 0.5817307692307693 0.42307692307692324 0.5817307692307693 0.42307692307692324 0.7572115384615384 0.4639423076923078 0.7572115384615384
0 0.6418269230769231 0.5721153846153848 0.5817307692307694 0.5721153846153848 0.5817307692307694 0.6706730769230769 0.6418269230769231 0.6706730769230769
0 0.6322115384615384 0.5264423076923078 0.5841346153846154 0.5264423076923078 0.5841346153846154 0.5817307692307694 0.6322115384615384 0.5817307692307694
0 0.6346153846153846 0.3990384615384617 0.5865384615384616 0.3990384615384617 0.5865384615384616 0.4615384615384617 0.6346153846153846 0.4615384615384617
0 0.6418269230769231 0.4639423076923078 0.5865384615384616 0.4639423076923078 0.5865384615384616 0.5192307692307694 0.6418269230769231 0.5192307692307694
0 0.6225961538461539 0.6730769230769231 0.5889423076923078 0.6730769230769231 0.5889423076923078 0.8004807692307693 0.6225961538461539 0.8004807692307693
0 0.6394230769230769 0.3028846153846155 0.5889423076923077 0.3028846153846155 0.5889423076923077 0.3822115384615386 0.6394230769230769 0.3822115384615386
0 0.6706730769230769 0.8197115384615384 0.6225961538461539 0.8197115384615384 0.6225961538461539 0.8461538461538461 0.6706730769230769 0.8461538461538461
0 0.7524038461538461 0.8125 0.65625 0.8125 0.65625 0.8798076923076923 0.7524038461538461 0.8798076923076923
0 0.7596153846153846 0.3149038461538463 0.7259615384615384 0.3149038461538463 0.7259615384615384 0.7908653846153846 0.7596153846153846 0.7908653846153846