0 0.9855769230769231 0.03846153846153856 0.6802884615384616 0.03846153846153855 0.6802884615384616 0.3317307692307694 0.9855769230769231 0.3317307692307694
0 0.17307692307692316 0.47596153846153844 0.15144230769230776 0.47596153846153844 0.15144230769230776 0.5528846153846154 0.17307692307692316 0.5528846153846154
0 0.17307692307692316 0.4495192307692308 0.14903846153846162 0.4495192307692308 0.14903846153846162 0.4807692307692308 0.17307692307692316 0.4807692307692308
0 0.23076923076923084 0.49038461538461536 0.20432692307692316 0.49038461538461536 0.20432692307692316 0.5336538461538461 0.23076923076923084 0.5336538461538461
0 0.27644230769230776 0.4807692307692308 0.23317307692307698 0.4807692307692308 0.23317307692307698 0.5360576923076923 0.27644230769230776 0.5360576923076923
0 0.3004807692307693 0.3942307692307692 0.2716346153846155 0.3942307692307692 0.2716346153846155 0.4567307692307692 0.3004807692307693 0.4567307692307692
0 0.3581730769230769 0.4254807692307692 0.3269230769230769 0.4254807692307692 0.3269230769230769 0.49038461538461536 0.3581730769230769 0.49038461538461536
0 0.37500000000000006 0.5240384615384616 0.3485576923076923 0.5240384615384616 0.3485576923076924 0.5985576923076923 0.3750000000000001 0.5985576923076923
0 0.4110576923076923 0.3918269230769231 0.3605769230769231 0.3918269230769231 0.3605769230769231 0.4639423076923077 0.4110576923076923 0.4639423076923077
0 0.5192307692307693 0.17067307692307698 0.47596153846153844 0.17067307692307698 0.47596153846153844 0.4110576923076923 0.5192307692307693 0.4110576923076923
0 0.5216346153846154 0.5456730769230769 0.4879807692307692 0.5456730769230769 0.4879807692307693 0.6105769230769231 0.5216346153846155 0.6105769230769231
0 0.6370192307692307 0.31250000000000006 0.5408653846153846 0.3125 0.5408653846153846 0.41346153846153855 0.6370192307692307 0.4134615384615386
0 0.6394230769230769 0.4110576923076924 0.5408653846153846 0.4110576923076923 0.5408653846153846 0.5168269230769231 0.6394230769230769 0.5168269230769232
0 0.5961538461538463 0.5168269230769232 0.5625 0.5168269230769232 0.5625000000000001 0.71875 0.5961538461538463 0.71875
0 0.65625 0.0865384615384616 0.5913461538461539 0.0865384615384616 0.5913461538461539 0.3629807692307694 0.65625 0.3629807692307694
0 0.8052884615384616 0.44711538461538475 0.7235576923076923 0.44711538461538475 0.7235576923076923 0.5384615384615385 0.8052884615384616 0.5384615384615385
0 0.9927884615384616 0.32692307692307704 0.7283653846153846 0.32692307692307704 0.7283653846153846 0.37980769230769246 0.9927884615384616 0.37980769230769246