0 0.5384615384615385 0.5817307692307693 0.22596153846153852 0.5817307692307693 0.22596153846153852 0.6634615384615384 0.5384615384615385 0.6634615384615384
0 0.38221153846153855 0.5096153846153846 0.2283653846153847 0.5096153846153846 0.2283653846153847 0.6033653846153846 0.3822115384615386 0.6033653846153846
0 0.38221153846153844 0.35336538461538464 0.23557692307692316 0.35336538461538464 0.23557692307692316 0.5216346153846154 0.38221153846153844 0.5216346153846154
0 0.37259615384615397 0.6947115384615384 0.24278846153846162 0.6947115384615384 0.24278846153846162 0.7355769230769231 0.37259615384615397 0.7355769230769231
0 0.5360576923076924 0.6850961538461539 0.37259615384615397 0.6850961538461539 0.37259615384615397 0.7307692307692307 0.5360576923076924 0.7307692307692307
0 0.5480769230769231 0.46875 0.37740384615384615 0.46875 0.3774038461538462 0.59375 0.5480769230769232 0.59375
0 0.5504807692307693 0.34375 0.38461538461538464 0.34375 0.38461538461538464 0.47596153846153844 0.5504807692307693 0.47596153846153844
0 0.6466346153846154 0.326923076923077 0.5336538461538461 0.3269230769230769 0.5336538461538461 0.46394230769230776 0.6466346153846154 0.4639423076923078
0 0.7620192307692307 0.5697115384615385 0.5528846153846155 0.5697115384615384 0.5528846153846155 0.6875 0.7620192307692307 0.6875
0 0.7596153846153846 0.4567307692307693 0.5552884615384616 0.4567307692307692 0.5552884615384616 0.5793269230769231 0.7596153846153846 0.5793269230769232
0 0.75 0.3317307692307694 0.6394230769230769 0.3317307692307694 0.6394230769230769 0.4687500000000001 0.75 0.4687500000000001