0 0.055288461538461564 0.19951923076923078 0.007211538461538485 0.19951923076923078 0.007211538461538488 0.24278846153846154 0.05528846153846157 0.24278846153846154
0 0.06250000000000001 0.07932692307692307 0.01442307692307693 0.07932692307692307 0.01442307692307694 0.1971153846153846 0.06250000000000001 0.1971153846153846
0 0.10336538461538465 0.16346153846153846 0.06490384615384617 0.16346153846153846 0.06490384615384617 0.22596153846153846 0.10336538461538465 0.22596153846153846
0 0.1658653846153846 0.1153846153846154 0.10817307692307693 0.11538461538461539 0.10817307692307694 0.22596153846153846 0.1658653846153846 0.22596153846153846
0 0.6105769230769231 0.44230769230769246 0.5769230769230769 0.44230769230769246 0.5769230769230769 0.5552884615384617 0.6105769230769231 0.5552884615384617
0 0.7211538461538461 0.7019230769230769 0.6514423076923077 0.7019230769230769 0.6514423076923077 0.8052884615384616 0.7211538461538461 0.8052884615384616
0 0.7740384615384616 0.5528846153846155 0.6802884615384616 0.5528846153846155 0.6802884615384616 0.6442307692307693 0.7740384615384616 0.6442307692307693
0 0.7644230769230769 0.7139423076923077 0.7211538461538461 0.7139423076923077 0.7211538461538461 0.8100961538461539 0.7644230769230769 0.8100961538461539
0 0.8846153846153846 0.7379807692307693 0.7692307692307693 0.7379807692307693 0.7692307692307693 0.8629807692307693 0.8846153846153846 0.8629807692307693
0 0.8293269230769231 0.5769230769230771 0.7788461538461539 0.5769230769230771 0.7788461538461539 0.6490384615384616 0.8293269230769231 0.6490384615384616
0 0.9254807692307693 0.7572115384615384 0.8870192307692307 0.7572115384615384 0.8870192307692307 0.8485576923076923 0.9254807692307693 0.8485576923076923