0 0.3221153846153847 0.24519230769230774 0.026442307692307727 0.24519230769230768 0.026442307692307765 0.8774038461538461 0.32211538461538475 0.8774038461538461
0 0.3750000000000001 0.8942307692307693 0.1514423076923078 0.8942307692307693 0.15144230769230782 1 0.3750000000000001 1
0 0.5408653846153846 0.024038461538461595 0.375 0.02403846153846158 0.375 0.5336538461538461 0.5408653846153846 0.5336538461538461
0 0.6706730769230769 0.5697115384615385 0.39663461538461553 0.5697115384615384 0.39663461538461553 0.9879807692307693 0.6706730769230769 0.9879807692307693
0 0.8653846153846154 0.01682692307692317 0.6586538461538461 0.01682692307692316 0.6586538461538461 0.45192307692307704 0.8653846153846154 0.45192307692307704
0 0.7620192307692307 0.5673076923076924 0.6730769230769231 0.5673076923076924 0.6730769230769231 0.9831730769230769 0.7620192307692307 0.9831730769230769
0 0.8822115384615384 0.512019230769231 0.7860576923076923 0.512019230769231 0.7860576923076923 0.8677884615384616 0.8822115384615384 0.8677884615384616
0 0.9543269230769231 0.8846153846153846 0.8269230769230769 0.8846153846153846 0.8269230769230769 0.9975961538461539 0.9543269230769231 0.9975961538461539
0 0.9543269230769231 0.543269230769231 0.8509615384615384 0.543269230769231 0.8509615384615384 0.8798076923076923 0.9543269230769231 0.8798076923076923
0 1 0.5649038461538463 0.9182692307692307 0.5649038461538463 0.9182692307692307 0.8822115384615384 1 0.8822115384615384
0 1 0.22355769230769246 0.96875 0.22355769230769246 0.96875 0.47355769230769246 1 0.47355769230769246