0 0.2475961538461539 0.6033653846153846 0.20192307692307698 0.6033653846153846 0.20192307692307698 0.6682692307692307 0.2475961538461539 0.6682692307692307
0 0.2548076923076924 0.4423076923076923 0.2067307692307693 0.4423076923076923 0.2067307692307693 0.5216346153846154 0.2548076923076924 0.5216346153846154
0 0.2548076923076924 0.5240384615384616 0.2067307692307693 0.5240384615384616 0.2067307692307693 0.6009615384615384 0.2548076923076924 0.6009615384615384
0 0.4567307692307693 0.47115384615384615 0.2716346153846155 0.47115384615384615 0.2716346153846155 0.5817307692307693 0.4567307692307694 0.5817307692307693
0 0.45913461538461553 0.59375 0.2740384615384616 0.59375 0.2740384615384616 0.6802884615384616 0.45913461538461553 0.6802884615384616
0 0.5673076923076924 0.4783653846153847 0.5288461538461539 0.47836538461538464 0.528846153846154 0.576923076923077 0.5673076923076924 0.5769230769230771
0 0.5673076923076923 0.42307692307692313 0.5288461538461539 0.4230769230769231 0.5288461538461539 0.4903846153846155 0.5673076923076923 0.49038461538461553
0 0.6298076923076923 0.42067307692307704 0.5769230769230769 0.42067307692307704 0.5769230769230769 0.49038461538461553 0.6298076923076923 0.49038461538461553
0 0.7620192307692307 0.47355769230769246 0.5793269230769231 0.47355769230769246 0.5793269230769231 0.5721153846153848 0.7620192307692307 0.5721153846153848
0 0.6947115384615384 0.4086538461538463 0.6346153846153846 0.4086538461538463 0.6346153846153846 0.47355769230769246 0.6947115384615384 0.47355769230769246
0 0.8125 0.3942307692307694 0.6995192307692307 0.3942307692307694 0.6995192307692307 0.46634615384615397 0.8125 0.46634615384615397
0 0.8197115384615384 0.46634615384615397 0.7716346153846154 0.46634615384615397 0.7716346153846154 0.5673076923076924 0.8197115384615384 0.5673076923076924