0 0.06971153846153856 0.7668269230769231 9.390921368461676e-17 0.7668269230769231 9.729465555725968e-17 0.8221153846153846 0.06971153846153856 0.8221153846153846
0 0.1923076923076924 0.7884615384615384 0.10817307692307702 0.7884615384615384 0.10817307692307702 0.8413461538461539 0.19230769230769246 0.8413461538461539
0 0.1850961538461539 0.6177884615384616 0.13221153846153852 0.6177884615384616 0.13221153846153855 0.7403846153846154 0.1850961538461539 0.7403846153846154
0 0.2836538461538462 0.7283653846153846 0.1514423076923078 0.7283653846153846 0.1514423076923078 0.7836538461538461 0.2836538461538462 0.7836538461538461
0 0.38942307692307704 0.8028846153846154 0.25721153846153855 0.8028846153846154 0.25721153846153855 0.8485576923076923 0.38942307692307704 0.8485576923076923
0 0.4423076923076924 0.5072115384615384 0.29326923076923084 0.5072115384615384 0.29326923076923084 0.7379807692307693 0.44230769230769246 0.7379807692307693
0 0.4086538461538463 0.7716346153846154 0.3317307692307694 0.7716346153846154 0.3317307692307694 0.8076923076923077 0.4086538461538463 0.8076923076923077
0 0.5240384615384617 0.6466346153846154 0.4807692307692309 0.6466346153846154 0.4807692307692309 0.7548076923076923 0.5240384615384617 0.7548076923076923
0 0.6177884615384616 0.8221153846153846 0.5384615384615385 0.8221153846153846 0.5384615384615385 0.8605769230769231 0.6177884615384616 0.8605769230769231
0 0.8870192307692307 0.5576923076923078 0.8125 0.5576923076923078 0.8125 0.6850961538461539 0.8870192307692307 0.6850961538461539
0 0.8942307692307693 0.7331730769230769 0.8461538461538461 0.7331730769230769 0.8461538461538461 0.8028846153846154 0.8942307692307693 0.8028846153846154