0 0.5384615384615384 0.17067307692307696 0.05528846153846156 0.17067307692307693 0.05528846153846157 0.39663461538461536 0.5384615384615384 0.39663461538461536
0 0.18750000000000006 0.38461538461538464 0.009615384615384663 0.38461538461538464 0.009615384615384675 0.5889423076923077 0.18750000000000006 0.5889423076923077
0 0.3365384615384616 0.40384615384615385 0.16105769230769237 0.40384615384615385 0.16105769230769237 0.6057692307692307 0.3365384615384617 0.6057692307692307
0 0.37259615384615397 0.6225961538461539 0.295673076923077 0.6225961538461539 0.295673076923077 0.6778846153846154 0.37259615384615397 0.6778846153846154
0 0.46394230769230776 0.43509615384615385 0.32211538461538464 0.43509615384615385 0.3221153846153847 0.6033653846153846 0.4639423076923078 0.6033653846153846
0 0.45192307692307704 0.6201923076923077 0.38461538461538475 0.6201923076923077 0.38461538461538475 0.6754807692307693 0.45192307692307704 0.6754807692307693
0 0.6971153846153846 0.4471153846153847 0.47115384615384615 0.44711538461538464 0.4711538461538462 0.6009615384615385 0.6971153846153846 0.6009615384615385
0 0.528846153846154 0.6298076923076923 0.4759615384615386 0.6298076923076923 0.4759615384615386 0.6682692307692307 0.528846153846154 0.6682692307692307
0 0.7692307692307693 0.26201923076923084 0.5793269230769231 0.26201923076923084 0.5793269230769231 0.46634615384615397 0.7692307692307693 0.46634615384615397
0 0.8942307692307693 0.5000000000000001 0.7740384615384616 0.5000000000000001 0.7740384615384616 0.6370192307692307 0.8942307692307693 0.6370192307692307
0 0.9879807692307693 0.4951923076923078 0.90625 0.4951923076923078 0.90625 0.5576923076923078 0.9879807692307693 0.5576923076923078