0 0.29807692307692313 0.49278846153846156 0.24519230769230776 0.49278846153846156 0.24519230769230776 0.5456730769230769 0.29807692307692313 0.5456730769230769
0 0.32211538461538464 0.5144230769230769 0.3052884615384616 0.5144230769230769 0.3052884615384616 0.5480769230769231 0.32211538461538464 0.5480769230769231
0 0.37740384615384615 0.5144230769230769 0.3293269230769231 0.5144230769230769 0.3293269230769231 0.5552884615384616 0.37740384615384615 0.5552884615384616
0 0.4014423076923077 0.5216346153846154 0.3798076923076923 0.5216346153846154 0.3798076923076923 0.5504807692307693 0.4014423076923077 0.5504807692307693
0 0.47596153846153844 0.5240384615384616 0.42788461538461536 0.5240384615384616 0.42788461538461536 0.5456730769230769 0.47596153846153844 0.5456730769230769
0 0.5 0.5168269230769231 0.47836538461538464 0.5168269230769231 0.47836538461538464 0.5504807692307693 0.5 0.5504807692307693
0 0.5576923076923077 0.5096153846153846 0.5120192307692307 0.5096153846153846 0.5120192307692307 0.5576923076923077 0.5576923076923077 0.5576923076923077
0 0.5793269230769232 0.625 0.5552884615384617 0.625 0.5552884615384617 0.6514423076923077 0.5793269230769232 0.6514423076923077
0 0.7355769230769231 0.2716346153846155 0.7211538461538461 0.2716346153846155 0.7211538461538461 0.34134615384615397 0.7355769230769231 0.34134615384615397
0 0.8317307692307693 0.34855769230769246 0.7403846153846154 0.34855769230769246 0.7403846153846154 0.5985576923076924 0.8317307692307693 0.5985576923076924
0 0.8389423076923077 0.18028846153846165 0.7956730769230769 0.18028846153846162 0.7956730769230769 0.2139423076923078 0.8389423076923077 0.21394230769230782
0 0.9278846153846154 0.6033653846153848 0.9110576923076923 0.6033653846153848 0.9110576923076923 0.6442307692307693 0.9278846153846154 0.6442307692307693
0 0.9615384615384616 0.1634615384615386 0.9182692307692307 0.1634615384615386 0.9182692307692307 0.28605769230769246 0.9615384615384616 0.28605769230769246
0 0.9975961538461539 0.65625 0.9567307692307693 0.65625 0.9567307692307693 0.7980769230769231 0.9975961538461539 0.7980769230769231