0 0.06730769230769235 4.121407497130518e-18 0 0 3.4590384350916826e-17 0.5649038461538461 0.06730769230769237 0.5649038461538461
0 0.48557692307692324 0.65625 0.39663461538461553 0.65625 0.39663461538461553 0.7788461538461539 0.48557692307692324 0.7788461538461539
0 0.5000000000000001 0.13461538461538466 0.4014423076923077 0.13461538461538464 0.40144230769230776 0.625 0.5000000000000001 0.625
0 0.5625000000000001 0.6682692307692307 0.4711538461538463 0.6682692307692307 0.4711538461538463 0.8052884615384616 0.5625000000000001 0.8052884615384616
0 0.625 0.3942307692307693 0.47596153846153844 0.3942307692307692 0.47596153846153855 0.6730769230769231 0.625 0.6730769230769231
0 0.6634615384615384 0.2860576923076924 0.5793269230769231 0.2860576923076924 0.5793269230769231 0.4302884615384617 0.6634615384615384 0.4302884615384617
0 0.6610576923076923 0.7620192307692307 0.6129807692307694 0.7620192307692307 0.6129807692307694 0.8485576923076923 0.6610576923076923 0.8485576923076923
0 0.6778846153846154 0.6778846153846154 0.6129807692307694 0.6778846153846154 0.6129807692307694 0.7572115384615384 0.6778846153846154 0.7572115384615384
0 0.6682692307692307 0.41586538461538475 0.6201923076923077 0.41586538461538475 0.6201923076923077 0.6802884615384616 0.6682692307692307 0.6802884615384616
0 0.71875 0.6730769230769231 0.6514423076923077 0.6730769230769231 0.6514423076923077 0.8389423076923077 0.71875 0.8389423076923077
0 0.7596153846153846 0.264423076923077 0.6706730769230769 0.264423076923077 0.6706730769230769 0.4134615384615386 0.7596153846153846 0.4134615384615386
0 0.7139423076923077 0.34134615384615397 0.6875 0.34134615384615397 0.6875 0.5697115384615385 0.7139423076923077 0.5697115384615385
0 0.7548076923076923 0.71875 0.7115384615384616 0.71875 0.7115384615384616 0.8365384615384616 0.7548076923076923 0.8365384615384616
0 0.7836538461538461 0.5865384615384617 0.7403846153846154 0.5865384615384617 0.7403846153846154 0.6995192307692307 0.7836538461538461 0.6995192307692307
0 0.8052884615384616 0.6225961538461539 0.7716346153846154 0.6225961538461539 0.7716346153846154 0.8028846153846154 0.8052884615384616 0.8028846153846154
0 1 0.37980769230769246 0.9302884615384616 0.37980769230769246 0.9302884615384616 0.5000000000000001 1 0.5000000000000001
0 0.9927884615384616 0.71875 0.9495192307692307 0.71875 0.9495192307692307 0.7740384615384616 0.9927884615384616 0.7740384615384616