0 0.048076923076923156 0.45913461538461536 5.622777371085204e-17 0.45913461538461536 7.580445932222198e-17 0.7788461538461539 0.04807692307692318 0.7788461538461539
0 0.057692307692307716 0.0048076923076923106 5.8877249959007365e-19 0.004807692307692308 2.1931775609730242e-17 0.35336538461538464 0.057692307692307744 0.35336538461538464
0 0.1634615384615385 0.02403846153846155 0.038461538461538464 0.024038461538461547 0.038461538461538484 0.3798076923076923 0.16346153846153852 0.3798076923076923
0 0.25480769230769235 2.4728444982783098e-17 0.14903846153846154 1.8251947487292284e-17 0.14903846153846156 0.3942307692307692 0.2548076923076924 0.3942307692307692
0 0.3052884615384616 0.38461538461538464 0.1754807692307693 0.38461538461538464 0.1754807692307693 0.8052884615384616 0.3052884615384616 0.8052884615384616
0 0.35096153846153844 0.3389423076923077 0.28125000000000006 0.3389423076923077 0.28125000000000006 0.47596153846153844 0.35096153846153844 0.47596153846153844
0 0.5024038461538463 0.3389423076923077 0.375 0.3389423076923077 0.37500000000000006 0.6682692307692307 0.5024038461538463 0.6682692307692307
0 0.5120192307692308 0.41346153846153844 0.4735576923076923 0.41346153846153844 0.4735576923076924 0.5745192307692307 0.512019230769231 0.5745192307692307
0 0.6754807692307693 0.5649038461538463 0.605769230769231 0.5649038461538463 0.605769230769231 0.65625 0.6754807692307693 0.65625
0 0.75 0.6009615384615385 0.7163461538461539 0.6009615384615385 0.7163461538461539 0.7596153846153846 0.75 0.7596153846153846
0 0.7379807692307693 0.5240384615384617 0.71875 0.5240384615384617 0.71875 0.6105769230769232 0.7379807692307693 0.6105769230769232
0 0.9254807692307693 0.0937500000000001 0.7331730769230769 0.0937500000000001 0.7331730769230769 0.5024038461538463 0.9254807692307693 0.5024038461538463
0 0.9182692307692307 0.7091346153846154 0.8774038461538461 0.7091346153846154 0.8774038461538461 0.7908653846153846 0.9182692307692307 0.7908653846153846