0 0.4543269230769231 0.1370192307692308 0.21875 0.1370192307692308 0.21875000000000003 0.38461538461538464 0.4543269230769231 0.38461538461538464
0 0.24278846153846162 0.4014423076923077 0.18269230769230776 0.4014423076923077 0.18269230769230776 0.6322115384615384 0.24278846153846162 0.6322115384615384
0 0.31971153846153855 0.40625 0.2524038461538462 0.40625 0.2524038461538462 0.6129807692307693 0.3197115384615386 0.6129807692307693
0 0.4254807692307693 0.4110576923076923 0.3269230769230769 0.4110576923076923 0.326923076923077 0.6177884615384616 0.4254807692307694 0.6177884615384616
0 0.46394230769230776 0.41586538461538464 0.4230769230769231 0.41586538461538464 0.42307692307692313 0.6177884615384616 0.4639423076923078 0.6177884615384616
0 0.483173076923077 0.4206730769230769 0.4519230769230769 0.4206730769230769 0.451923076923077 0.6201923076923077 0.48317307692307704 0.6201923076923077
0 0.6177884615384616 0.34375000000000006 0.5072115384615384 0.34375 0.5072115384615384 0.4254807692307693 0.6177884615384616 0.4254807692307694
0 0.5721153846153846 0.4254807692307693 0.5072115384615384 0.4254807692307692 0.5072115384615384 0.483173076923077 0.5721153846153846 0.48317307692307704
0 0.6418269230769231 0.35817307692307704 0.6105769230769231 0.35817307692307704 0.6105769230769231 0.49038461538461553 0.6418269230769231 0.49038461538461553
0 0.6442307692307693 0.4759615384615386 0.6105769230769231 0.4759615384615386 0.6105769230769231 0.5072115384615385 0.6442307692307693 0.5072115384615385
0 0.6442307692307693 0.512019230769231 0.6201923076923077 0.512019230769231 0.6201923076923077 0.5456730769230771 0.6442307692307693 0.5456730769230771
0 0.8629807692307693 0.5072115384615385 0.8365384615384616 0.5072115384615385 0.8365384615384616 0.5697115384615385 0.8629807692307693 0.5697115384615385
0 0.8990384615384616 0.5072115384615385 0.8677884615384616 0.5072115384615385 0.8677884615384616 0.5769230769230771 0.8990384615384616 0.5769230769230771