0 0.22115384615384623 0.7091346153846154 0.1754807692307693 0.7091346153846154 0.1754807692307693 0.7427884615384616 0.22115384615384623 0.7427884615384616
0 0.28365384615384615 0.13461538461538464 0.19230769230769232 0.13461538461538464 0.19230769230769232 0.25480769230769235 0.28365384615384615 0.2548076923076924
0 0.3028846153846154 0.2355769230769231 0.20432692307692307 0.23557692307692307 0.2043269230769231 0.3701923076923077 0.3028846153846155 0.3701923076923077
0 0.2788461538461539 0.6009615384615384 0.22596153846153852 0.6009615384615384 0.22596153846153852 0.7524038461538461 0.2788461538461539 0.7524038461538461
0 0.2908653846153847 0.4543269230769231 0.24038461538461545 0.4543269230769231 0.24038461538461545 0.6033653846153846 0.2908653846153847 0.6033653846153846
0 0.32692307692307704 0.7427884615384616 0.24038461538461545 0.7427884615384616 0.24038461538461545 0.7980769230769231 0.32692307692307704 0.7980769230769231
0 0.30769230769230776 0.38461538461538464 0.2860576923076924 0.38461538461538464 0.2860576923076924 0.7379807692307693 0.3076923076923078 0.7379807692307693
0 0.42307692307692313 0.36538461538461536 0.31009615384615385 0.36538461538461536 0.3100961538461539 0.7139423076923077 0.42307692307692324 0.7139423076923077
0 0.41346153846153844 0.12019230769230772 0.31009615384615385 0.12019230769230772 0.31009615384615385 0.4567307692307692 0.41346153846153844 0.4567307692307692
0 0.6009615384615384 0.10817307692307697 0.40865384615384615 0.10817307692307696 0.40865384615384615 0.38701923076923084 0.6009615384615384 0.3870192307692309
0 0.6105769230769231 0.38221153846153855 0.4110576923076923 0.38221153846153844 0.4110576923076924 0.6899038461538461 0.6105769230769232 0.6899038461538461
0 0.7475961538461539 8.110341181853265e-17 0.5769230769230769 7.065269995080885e-17 0.5769230769230769 0.11778846153846162 0.7475961538461539 0.11778846153846165
0 0.7139423076923077 0.1538461538461539 0.5961538461538461 0.1538461538461539 0.5961538461538463 0.6947115384615384 0.7139423076923077 0.6947115384615384
0 0.8509615384615384 9.34676343099242e-17 0.6754807692307693 8.272253619240535e-17 0.6754807692307693 0.605769230769231 0.8509615384615384 0.605769230769231
0 1 1.1054203679803632e-16 0.8052884615384616 9.861939368133734e-17 0.8052884615384616 0.5240384615384617 1 0.5240384615384617