0 0.045673076923077 0.5144230769230769 6.299865745613789e-17 0.5144230769230769 7.447972119814432e-17 0.7019230769230769 0.04567307692307701 0.7019230769230769
0 0.21153846153846162 0.28846153846153844 0.07211538461538465 0.28846153846153844 0.07211538461538466 0.43990384615384615 0.21153846153846162 0.43990384615384615
0 0.22596153846153852 0.44471153846153844 0.07451923076923082 0.44471153846153844 0.07451923076923082 0.6129807692307693 0.22596153846153852 0.6129807692307693
0 0.21634615384615385 0.18028846153846154 0.07692307692307696 0.18028846153846154 0.07692307692307696 0.2644230769230769 0.21634615384615385 0.2644230769230769
0 0.21875000000000006 0.6009615384615384 0.0817307692307693 0.6009615384615384 0.08173076923076932 0.7596153846153846 0.21875000000000006 0.7596153846153846
0 0.3557692307692309 0.7163461538461539 0.23076923076923084 0.7163461538461539 0.23076923076923084 0.8365384615384616 0.3557692307692309 0.8365384615384616
0 0.358173076923077 0.5264423076923077 0.25000000000000006 0.5264423076923077 0.25000000000000006 0.6899038461538461 0.35817307692307704 0.6899038461538461
0 0.48317307692307704 0.6730769230769231 0.3774038461538463 0.6730769230769231 0.3774038461538463 0.7716346153846154 0.48317307692307704 0.7716346153846154
0 0.7091346153846154 0.3677884615384616 0.53125 0.36778846153846156 0.5312500000000001 0.5961538461538463 0.7091346153846154 0.5961538461538463
0 0.8365384615384616 9.50867586837969e-17 0.7163461538461539 8.772710243892097e-17 0.7163461538461539 0.4062500000000001 0.8365384615384616 0.4062500000000001
0 1 0.12740384615384628 0.8509615384615384 0.12740384615384626 0.8509615384615384 0.4375000000000001 1 0.4375000000000001