0 0.23798076923076927 0.24278846153846154 0.06730769230769235 0.24278846153846154 0.06730769230769237 0.6730769230769231 0.2379807692307693 0.6730769230769231
0 0.11778846153846159 0.18509615384615385 2.2667741234217833e-17 0.18509615384615385 4.577706184312822e-17 0.5625 0.1177884615384616 0.5625
0 0.18750000000000003 1.1628256866903958e-17 0.002403846153846154 2.9438624979503682e-19 0.0024038461538461713 0.28846153846153844 0.18750000000000006 0.28846153846153844
0 0.31250000000000006 0.3918269230769231 0.2163461538461539 0.3918269230769231 0.2163461538461539 0.6322115384615384 0.3125000000000001 0.6322115384615384
0 0.53125 0.31971153846153844 0.47836538461538464 0.31971153846153844 0.47836538461538464 0.3894230769230769 0.53125 0.3894230769230769
0 0.5360576923076924 0.5168269230769231 0.4831730769230769 0.5168269230769231 0.483173076923077 0.6177884615384616 0.5360576923076924 0.6177884615384616
0 0.5336538461538461 0.3918269230769231 0.4855769230769231 0.3918269230769231 0.4855769230769231 0.43509615384615385 0.5336538461538461 0.43509615384615385
0 0.5336538461538461 0.4326923076923077 0.4879807692307692 0.4326923076923077 0.4879807692307692 0.5096153846153846 0.5336538461538461 0.5096153846153846
0 0.6370192307692307 0.2716346153846155 0.6177884615384616 0.2716346153846155 0.6177884615384616 0.5312500000000001 0.6370192307692307 0.5312500000000001
0 0.6971153846153846 0.5264423076923078 0.6730769230769231 0.5264423076923078 0.6730769230769231 0.5889423076923078 0.6971153846153846 0.5889423076923078
0 0.84375 0.20673076923076933 0.7475961538461539 0.2067307692307693 0.7475961538461539 0.574519230769231 0.84375 0.574519230769231
0 1 0.3389423076923078 0.8605769230769231 0.3389423076923078 0.8605769230769231 0.6538461538461539 1 0.6538461538461539
0 0.9951923076923077 0.2043269230769232 0.8629807692307693 0.2043269230769232 0.8629807692307693 0.3701923076923078 0.9951923076923077 0.3701923076923078