0 0.2836538461538462 0.6033653846153846 0.21875000000000006 0.6033653846153846 0.21875000000000006 0.65625 0.2836538461538462 0.65625
0 0.295673076923077 0.36778846153846156 0.22596153846153852 0.36778846153846156 0.22596153846153852 0.59375 0.295673076923077 0.59375
0 0.6370192307692307 0.4278846153846155 0.35096153846153844 0.42788461538461536 0.35096153846153844 0.545673076923077 0.6370192307692307 0.5456730769230771
0 0.5576923076923078 0.5721153846153846 0.4375000000000001 0.5721153846153846 0.4375000000000001 0.6322115384615384 0.5576923076923078 0.6322115384615384
0 0.6394230769230769 0.6947115384615384 0.4711538461538463 0.6947115384615384 0.4711538461538463 0.7235576923076923 0.6394230769230769 0.7235576923076923
0 0.6418269230769231 0.5841346153846154 0.5240384615384617 0.5841346153846154 0.5240384615384617 0.6225961538461539 0.6418269230769231 0.6225961538461539
0 0.7427884615384616 0.45192307692307704 0.6466346153846154 0.45192307692307704 0.6466346153846154 0.7355769230769231 0.7427884615384616 0.7355769230769231
0 0.9134615384615384 0.06009615384615395 0.6899038461538461 0.06009615384615393 0.6899038461538461 0.6370192307692307 0.9134615384615384 0.6370192307692307
0 0.8918269230769231 0.7283653846153846 0.7524038461538461 0.7283653846153846 0.7524038461538461 0.8100961538461539 0.8918269230769231 0.8100961538461539
0 0.9543269230769231 1.0642062930090582e-16 0.7836538461538461 9.5969917433182e-17 0.7836538461538461 0.05528846153846165 0.9543269230769231 0.05528846153846166
0 0.8942307692307693 0.15384615384615394 0.8004807692307693 0.1538461538461539 0.8004807692307693 0.2812500000000001 0.8942307692307693 0.2812500000000001
0 0.9182692307692307 0.27884615384615397 0.8221153846153846 0.2788461538461539 0.8221153846153846 0.41586538461538475 0.9182692307692307 0.41586538461538475