0 0.1177884615384616 0.5913461538461539 0.03365384615384622 0.5913461538461539 0.03365384615384623 0.6658653846153846 0.1177884615384616 0.6658653846153846
0 0.14182692307692313 0.3701923076923077 0.03846153846153851 0.3701923076923077 0.03846153846153851 0.4254807692307692 0.14182692307692316 0.4254807692307692
0 0.12980769230769235 0.3245192307692308 0.06490384615384619 0.3245192307692308 0.0649038461538462 0.37259615384615385 0.12980769230769235 0.37259615384615385
0 0.13942307692307696 0.27163461538461536 0.06490384615384619 0.27163461538461536 0.06490384615384619 0.3076923076923077 0.13942307692307696 0.3076923076923077
0 0.27644230769230776 0.5024038461538461 0.14182692307692316 0.5024038461538461 0.14182692307692316 0.6322115384615384 0.27644230769230776 0.6322115384615384
0 0.2596153846153847 0.6418269230769231 0.1538461538461539 0.6418269230769231 0.1538461538461539 0.6971153846153846 0.2596153846153847 0.6971153846153846
0 0.3942307692307693 0.43509615384615385 0.29326923076923084 0.43509615384615385 0.29326923076923084 0.6514423076923077 0.3942307692307694 0.6514423076923077
0 0.42788461538461553 0.6586538461538461 0.3076923076923078 0.6586538461538461 0.3076923076923078 0.7019230769230769 0.42788461538461553 0.7019230769230769
0 0.44951923076923084 0.35336538461538464 0.3942307692307692 0.35336538461538464 0.3942307692307693 0.6418269230769231 0.4495192307692309 0.6418269230769231
0 0.6177884615384616 0.024038461538461602 0.44471153846153844 0.02403846153846159 0.44471153846153844 0.4975961538461539 0.6177884615384616 0.49759615384615397
0 1 1.0200483555398027e-16 0.6658653846153846 8.15449911932252e-17 0.6658653846153846 0.2812500000000001 1 0.2812500000000001
0 0.8461538461538461 0.49759615384615397 0.7836538461538461 0.49759615384615397 0.7836538461538461 0.5961538461538463 0.8461538461538461 0.5961538461538463