0 0.06009615384615394 0.7596153846153846 9.302605493523165e-17 0.7596153846153846 9.97969386805175e-17 0.8701923076923077 0.06009615384615395 0.8701923076923077
0 0.1490384615384616 0.40865384615384615 0.0072115384615385105 0.40865384615384615 0.007211538461538523 0.5961538461538461 0.14903846153846162 0.5961538461538461
0 0.14663461538461547 0.7596153846153846 0.05528846153846163 0.7596153846153846 0.055288461538461633 0.8629807692307693 0.14663461538461547 0.8629807692307693
0 0.22596153846153852 0.3918269230769231 0.13461538461538464 0.3918269230769231 0.13461538461538466 0.5865384615384616 0.22596153846153852 0.5865384615384616
0 0.2451923076923078 0.7620192307692307 0.14423076923076933 0.7620192307692307 0.14423076923076933 0.8629807692307693 0.24519230769230782 0.8629807692307693
0 0.3437500000000001 0.7596153846153846 0.24278846153846162 0.7596153846153846 0.24278846153846165 0.8629807692307693 0.3437500000000001 0.8629807692307693
0 0.44230769230769246 0.7596153846153846 0.3389423076923078 0.7596153846153846 0.3389423076923078 0.875 0.44230769230769246 0.875
0 0.543269230769231 0.7572115384615384 0.44711538461538475 0.7572115384615384 0.44711538461538475 0.8605769230769231 0.543269230769231 0.8605769230769231
0 0.6514423076923077 0.7596153846153846 0.528846153846154 0.7596153846153846 0.528846153846154 0.8677884615384616 0.6514423076923077 0.8677884615384616
0 0.7596153846153846 0.7548076923076923 0.6538461538461539 0.7548076923076923 0.6538461538461539 0.8629807692307693 0.7596153846153846 0.8629807692307693
0 0.8605769230769231 0.7548076923076923 0.7572115384615384 0.7548076923076923 0.7572115384615384 0.8629807692307693 0.8605769230769231 0.8629807692307693