0 0.06250000000000006 0.4254807692307692 5.210636621372152e-17 0.4254807692307692 5.799409120962226e-17 0.5216346153846154 0.06250000000000007 0.5216346153846154
0 0.1995192307692308 0.16105769230769232 1.9723878736267467e-17 0.16105769230769232 3.532634997540442e-17 0.41586538461538464 0.19951923076923084 0.41586538461538464
0 0.11298076923076933 0.7668269230769231 0.04807692307692316 0.7668269230769231 0.04807692307692317 0.8341346153846154 0.11298076923076933 0.8341346153846154
0 0.14423076923076927 0.4014423076923077 0.08413461538461542 0.4014423076923077 0.08413461538461543 0.6754807692307693 0.1442307692307693 0.6754807692307693
0 0.3100961538461539 0.4110576923076923 0.1418269230769231 0.4110576923076923 0.14182692307692313 0.5793269230769231 0.31009615384615397 0.5793269230769231
0 0.31009615384615397 0.7259615384615384 0.1514423076923078 0.7259615384615384 0.1514423076923078 0.8533653846153846 0.31009615384615397 0.8533653846153846
0 0.3052884615384616 0.6081730769230769 0.1538461538461539 0.6081730769230769 0.1538461538461539 0.7211538461538461 0.3052884615384616 0.7211538461538461
0 0.38221153846153844 0.1682692307692308 0.19471153846153846 0.16826923076923078 0.1947115384615385 0.39903846153846156 0.38221153846153844 0.39903846153846156
0 0.3677884615384616 0.41586538461538464 0.3076923076923077 0.41586538461538464 0.30769230769230776 0.875 0.3677884615384617 0.875
0 0.4254807692307694 0.7283653846153846 0.35817307692307704 0.7283653846153846 0.35817307692307704 0.8605769230769231 0.4254807692307694 0.8605769230769231
0 0.6298076923076923 0.625 0.5817307692307694 0.625 0.5817307692307694 0.7379807692307693 0.6298076923076923 0.7379807692307693
0 0.6754807692307693 0.5697115384615385 0.6442307692307693 0.5697115384615385 0.6442307692307693 0.6370192307692307 0.6754807692307693 0.6370192307692307
0 0.7211538461538461 0.5408653846153848 0.6899038461538461 0.5408653846153848 0.6899038461538461 0.6346153846153846 0.7211538461538461 0.6346153846153846
0 0.8389423076923077 0.41586538461538475 0.7163461538461539 0.41586538461538475 0.7163461538461539 0.6490384615384616 0.8389423076923077 0.6490384615384616
0 0.8197115384615384 0.15625000000000006 0.7163461538461539 0.15625000000000006 0.7163461538461539 0.3870192307692309 0.8197115384615384 0.3870192307692309
0 0.7524038461538461 0.6442307692307693 0.7259615384615384 0.6442307692307693 0.7259615384615384 0.8149038461538461 0.7524038461538461 0.8149038461538461
0 0.8701923076923077 0.41586538461538475 0.8317307692307693 0.41586538461538475 0.8317307692307693 0.6538461538461539 0.8701923076923077 0.6538461538461539
0 0.8822115384615384 0.6730769230769231 0.84375 0.6730769230769231 0.84375 0.8125 0.8822115384615384 0.8125
0 0.9014423076923077 0.7932692307692307 0.8701923076923077 0.7932692307692307 0.8701923076923077 0.8870192307692307 0.9014423076923077 0.8870192307692307
0 1 0.22115384615384628 0.9206730769230769 0.22115384615384628 0.9206730769230769 0.5649038461538463 1 0.5649038461538463