0 0.07692307692307701 0.5216346153846154 6.3881816205523e-17 0.5216346153846154 8.080902556873762e-17 0.7980769230769231 0.07692307692307702 0.7980769230769231
0 0.08894230769230779 0.7860576923076923 0.00240384615384625 0.7860576923076923 0.0024038461538462555 0.8725961538461539 0.08894230769230779 0.8725961538461539
0 0.20673076923076933 0.6682692307692307 0.09134615384615391 0.6682692307692307 0.09134615384615394 0.84375 0.20673076923076936 0.84375
0 0.1538461538461539 0.4254807692307692 0.09375000000000007 0.4254807692307692 0.09375000000000007 0.6418269230769231 0.1538461538461539 0.6418269230769231
0 0.2692307692307693 0.6418269230769231 0.20913461538461545 0.6418269230769231 0.20913461538461545 0.8052884615384616 0.2692307692307693 0.8052884615384616
0 0.29326923076923084 0.5168269230769231 0.2596153846153847 0.5168269230769231 0.2596153846153847 0.6466346153846154 0.29326923076923084 0.6466346153846154
0 0.3028846153846155 0.6875 0.2692307692307693 0.6875 0.2692307692307693 0.7980769230769231 0.3028846153846155 0.7980769230769231
0 0.3173076923076923 0.07692307692307696 0.2980769230769231 0.07692307692307696 0.2980769230769231 0.16346153846153852 0.3173076923076923 0.16346153846153852
0 0.4254807692307692 0.47596153846153844 0.3870192307692308 0.47596153846153844 0.3870192307692308 0.5264423076923077 0.4254807692307692 0.5264423076923077
0 0.42067307692307704 0.7307692307692307 0.39182692307692324 0.7307692307692307 0.39182692307692324 0.7740384615384616 0.42067307692307704 0.7740384615384616
0 0.42067307692307704 0.7740384615384616 0.39182692307692324 0.7740384615384616 0.39182692307692324 0.8076923076923077 0.42067307692307704 0.8076923076923077
0 0.4254807692307694 0.5649038461538461 0.39182692307692324 0.5649038461538461 0.39182692307692324 0.6514423076923077 0.4254807692307694 0.6514423076923077
0 0.42067307692307704 0.6442307692307693 0.3942307692307694 0.6442307692307693 0.3942307692307694 0.7331730769230769 0.42067307692307704 0.7331730769230769
0 0.4230769230769231 0.35336538461538464 0.3942307692307692 0.35336538461538464 0.3942307692307692 0.39903846153846156 0.4230769230769231 0.39903846153846156
0 0.4254807692307693 0.5288461538461539 0.39663461538461536 0.5288461538461539 0.3966346153846155 0.5673076923076923 0.4254807692307694 0.5673076923076923
0 0.5408653846153848 0.6586538461538461 0.4759615384615386 0.6586538461538461 0.4759615384615386 0.78125 0.5408653846153848 0.78125
0 0.5264423076923078 0.78125 0.48557692307692324 0.78125 0.48557692307692324 0.8317307692307693 0.5264423076923078 0.8317307692307693
0 0.6274038461538461 0.6153846153846154 0.5697115384615385 0.6153846153846154 0.5697115384615385 0.8052884615384616 0.6274038461538461 0.8052884615384616
0 0.6442307692307693 0.591346153846154 0.6177884615384616 0.591346153846154 0.6177884615384616 0.8076923076923077 0.6442307692307693 0.8076923076923077
0 0.7115384615384616 0.4086538461538463 0.6370192307692307 0.4086538461538463 0.6370192307692307 0.7091346153846154 0.7115384615384616 0.7091346153846154
0 0.8197115384615384 0.7019230769230769 0.6442307692307693 0.7019230769230769 0.6442307692307693 0.8293269230769231 0.8197115384615384 0.8293269230769231
0 0.84375 0.28846153846153855 0.7139423076923077 0.28846153846153855 0.7139423076923077 0.6081730769230771 0.84375 0.6081730769230771
0 0.8701923076923077 0.6899038461538461 0.7908653846153846 0.6899038461538461 0.7908653846153846 0.8365384615384616 0.8701923076923077 0.8365384615384616
0 1 0.49038461538461553 0.8725961538461539 0.49038461538461553 0.8725961538461539 0.8341346153846154 1 0.8341346153846154
0 1 0.06971153846153857 0.8822115384615384 0.06971153846153856 0.8822115384615384 0.5168269230769232 1 0.5168269230769232