0 0.09375000000000003 0.21153846153846154 2.5905989981963243e-17 0.21153846153846154 3.75342468488672e-17 0.4014423076923077 0.09375000000000003 0.4014423076923077
0 0.20913461538461542 0.19951923076923078 0.10817307692307696 0.19951923076923078 0.10817307692307696 0.40384615384615385 0.20913461538461545 0.40384615384615385
0 0.35096153846153844 0.18028846153846156 0.22115384615384615 0.18028846153846154 0.2211538461538462 0.40865384615384615 0.35096153846153844 0.40865384615384615
0 0.2860576923076924 0.7379807692307693 0.23076923076923084 0.7379807692307693 0.23076923076923084 0.7884615384615384 0.2860576923076924 0.7884615384615384
0 0.3317307692307694 0.7451923076923077 0.2860576923076924 0.7451923076923077 0.2860576923076924 0.7980769230769231 0.3317307692307694 0.7980769230769231
0 0.45913461538461536 0.18750000000000006 0.3629807692307692 0.18750000000000006 0.3629807692307692 0.39663461538461536 0.45913461538461536 0.39663461538461536
0 0.6899038461538461 0.07451923076923084 0.47596153846153844 0.07451923076923082 0.47596153846153844 0.3317307692307693 0.6899038461538461 0.3317307692307694
0 0.7115384615384616 0.5096153846153848 0.6418269230769231 0.5096153846153848 0.6418269230769231 0.6177884615384616 0.7115384615384616 0.6177884615384616
0 0.9110576923076923 0.6177884615384616 0.875 0.6177884615384616 0.875 0.6586538461538461 0.9110576923076923 0.6586538461538461
0 0.9423076923076923 0.4879807692307694 0.8918269230769231 0.4879807692307694 0.8918269230769231 0.5865384615384617 0.9423076923076923 0.5865384615384617
0 0.9663461538461539 0.7019230769230769 0.9230769230769231 0.7019230769230769 0.9230769230769231 0.7355769230769231 0.9663461538461539 0.7355769230769231