0 0.23557692307692316 0.5408653846153846 0.17067307692307698 0.5408653846153846 0.17067307692307698 0.6225961538461539 0.23557692307692316 0.6225961538461539
0 0.295673076923077 0.22836538461538464 0.21394230769230768 0.2283653846153846 0.21394230769230774 0.4495192307692308 0.295673076923077 0.4495192307692308
0 0.3701923076923077 0.5096153846153846 0.3557692307692308 0.5096153846153846 0.3557692307692308 0.5336538461538461 0.3701923076923077 0.5336538461538461
0 0.43028846153846156 0.46875 0.41346153846153844 0.46875 0.41346153846153844 0.5096153846153846 0.43028846153846156 0.5096153846153846
0 0.5552884615384616 0.45913461538461536 0.5048076923076923 0.45913461538461536 0.5048076923076923 0.5336538461538461 0.5552884615384616 0.5336538461538461
0 0.5793269230769231 0.45432692307692313 0.5504807692307693 0.4543269230769231 0.5504807692307693 0.5312500000000001 0.5793269230769231 0.5312500000000001
0 0.6418269230769231 0.32692307692307704 0.6081730769230769 0.32692307692307704 0.6081730769230769 0.4375000000000001 0.6418269230769231 0.4375000000000001
0 0.8293269230769231 0.33413461538461553 0.6706730769230769 0.33413461538461553 0.6706730769230769 0.44711538461538475 0.8293269230769231 0.44711538461538475
0 0.8293269230769231 0.4567307692307694 0.6754807692307693 0.4567307692307694 0.6754807692307693 0.5552884615384617 0.8293269230769231 0.5552884615384617
0 1 0.019230769230769336 0.7716346153846154 0.019230769230769326 0.7716346153846154 0.24278846153846165 1 0.24278846153846168
0 0.9831730769230769 0.32932692307692324 0.8293269230769231 0.32932692307692324 0.8293269230769231 0.44711538461538475 0.9831730769230769 0.44711538461538475
0 0.9903846153846154 0.42788461538461553 0.8365384615384616 0.42788461538461553 0.8365384615384616 0.5528846153846155 0.9903846153846154 0.5528846153846155