0 0.3485576923076924 0.18269230769230774 0.21634615384615385 0.18269230769230768 0.21634615384615388 0.5600961538461539 0.34855769230769246 0.5600961538461539
0 0.05288461538461543 0.1466346153846154 1.7957561237497246e-17 0.1466346153846154 4.842653809128356e-17 0.6442307692307693 0.05288461538461547 0.6442307692307693
0 0.18028846153846154 1.103948436731388e-17 0 0 1.206983624159651e-17 0.1971153846153846 0.18028846153846154 0.1971153846153846
0 0.22355769230769235 0.18509615384615385 0.07932692307692311 0.18509615384615385 0.07932692307692313 0.6346153846153846 0.22355769230769237 0.6346153846153846
0 0.4591346153846155 0.49038461538461536 0.40384615384615385 0.49038461538461536 0.4038461538461539 0.6682692307692307 0.45913461538461553 0.6682692307692307
0 0.4375 0.2788461538461539 0.40865384615384615 0.2788461538461539 0.40865384615384615 0.4807692307692308 0.4375 0.4807692307692308
0 0.49038461538461536 0.26682692307692313 0.46875 0.26682692307692313 0.46875 0.4495192307692308 0.49038461538461536 0.4495192307692308
0 0.5288461538461539 0.3269230769230769 0.5072115384615384 0.3269230769230769 0.5072115384615384 0.5 0.5288461538461539 0.5
0 0.6105769230769231 0.39182692307692324 0.5817307692307693 0.39182692307692324 0.5817307692307693 0.4807692307692309 0.6105769230769231 0.4807692307692309
0 0.6081730769230769 0.29326923076923084 0.5841346153846154 0.29326923076923084 0.5841346153846154 0.3557692307692309 0.6081730769230769 0.3557692307692309
0 0.608173076923077 0.4687500000000001 0.5865384615384616 0.4687500000000001 0.5865384615384616 0.5673076923076924 0.6081730769230771 0.5673076923076924
0 0.6754807692307693 0.48317307692307704 0.6418269230769231 0.48317307692307704 0.6418269230769231 0.6105769230769232 0.6754807692307693 0.6105769230769232
0 0.7331730769230769 0.42307692307692324 0.6850961538461539 0.42307692307692324 0.6850961538461539 0.6538461538461539 0.7331730769230769 0.6538461538461539
0 0.8317307692307693 0.48317307692307704 0.7307692307692307 0.48317307692307704 0.7307692307692307 0.6682692307692307 0.8317307692307693 0.6682692307692307
0 0.7740384615384616 0.22115384615384623 0.7307692307692307 0.22115384615384623 0.7307692307692307 0.5673076923076924 0.7740384615384616 0.5673076923076924
0 0.8605769230769231 0.12740384615384626 0.7788461538461539 0.12740384615384626 0.7788461538461539 0.40384615384615397 0.8605769230769231 0.40384615384615397
0 0.9927884615384616 0.3125000000000001 0.8221153846153846 0.3125000000000001 0.8221153846153846 0.6850961538461539 0.9927884615384616 0.6850961538461539
0 1 1.151050236698594e-16 0.8798076923076923 1.0774536742498348e-16 0.8798076923076923 0.3509615384615386 1 0.3509615384615386