0 0.0841346153846154 0.01682692307692308 0.002403846153846156 0.016826923076923076 0.002403846153846173 0.2956730769230769 0.08413461538461542 0.2956730769230769
0 0.19230769230769235 0.14423076923076925 0.07932692307692311 0.14423076923076922 0.07932692307692311 0.3798076923076923 0.19230769230769237 0.3798076923076923
0 0.18269230769230776 0.3798076923076923 0.12500000000000003 0.3798076923076923 0.12500000000000006 0.5384615384615384 0.18269230769230776 0.5384615384615384
0 0.22596153846153852 0.3894230769230769 0.1850961538461539 0.3894230769230769 0.1850961538461539 0.5432692307692307 0.22596153846153852 0.5432692307692307
0 0.21153846153846162 0.3076923076923077 0.19951923076923084 0.3076923076923077 0.19951923076923084 0.36538461538461536 0.21153846153846162 0.36538461538461536
0 0.3365384615384617 0.5841346153846154 0.29807692307692313 0.5841346153846154 0.29807692307692313 0.6201923076923077 0.3365384615384617 0.6201923076923077
0 0.375 0.4230769230769231 0.31490384615384615 0.4230769230769231 0.31490384615384615 0.5408653846153846 0.375 0.5408653846153846
0 0.42788461538461536 0.33413461538461536 0.38461538461538464 0.33413461538461536 0.38461538461538464 0.4495192307692308 0.42788461538461536 0.4495192307692308
0 0.4567307692307693 0.4735576923076923 0.3918269230769231 0.4735576923076923 0.39182692307692313 0.5673076923076923 0.4567307692307694 0.5673076923076923
0 0.5048076923076923 0.31971153846153844 0.44471153846153844 0.31971153846153844 0.44471153846153844 0.4182692307692308 0.5048076923076923 0.4182692307692308
0 0.5528846153846154 0.35096153846153844 0.5144230769230769 0.35096153846153844 0.5144230769230769 0.44711538461538464 0.5528846153846154 0.44711538461538464
0 0.5793269230769231 0.4735576923076924 0.5528846153846154 0.4735576923076923 0.5528846153846154 0.5384615384615385 0.5793269230769231 0.5384615384615385
0 0.6033653846153846 0.38461538461538475 0.5697115384615384 0.38461538461538475 0.5697115384615384 0.45913461538461553 0.6033653846153846 0.45913461538461553
0 0.6466346153846154 0.49038461538461553 0.6081730769230769 0.49038461538461553 0.6081730769230769 0.5216346153846155 0.6466346153846154 0.5216346153846155
0 0.7980769230769231 0.16826923076923084 0.7331730769230769 0.16826923076923084 0.7331730769230769 0.3942307692307694 0.7980769230769231 0.3942307692307694
0 0.8365384615384616 0.0625000000000001 0.7788461538461539 0.0625000000000001 0.7788461538461539 0.4951923076923078 0.8365384615384616 0.4951923076923078
0 1 1.1245554742170407e-16 0.8365384615384616 1.0244641492867282e-16 0.8365384615384616 0.5000000000000001 1 0.5000000000000001