0 0.18028846153846162 0.4639423076923077 0.11057692307692314 0.4639423076923077 0.11057692307692314 0.6105769230769231 0.18028846153846162 0.6105769230769231
0 0.1754807692307693 0.3004807692307692 0.11538461538461542 0.3004807692307692 0.11538461538461543 0.44711538461538464 0.1754807692307693 0.44711538461538464
0 0.18269230769230774 0.1514423076923077 0.12259615384615388 0.15144230769230768 0.12259615384615388 0.2932692307692308 0.18269230769230776 0.2932692307692308
0 0.3221153846153847 0.4567307692307692 0.2475961538461539 0.4567307692307692 0.2475961538461539 0.5817307692307693 0.32211538461538475 0.5817307692307693
0 0.4567307692307692 0.20913461538461542 0.25721153846153844 0.2091346153846154 0.2572115384615385 0.2884615384615385 0.4567307692307692 0.28846153846153855
0 0.4495192307692308 0.30528846153846156 0.2692307692307693 0.30528846153846156 0.2692307692307693 0.4375 0.4495192307692308 0.4375
0 0.389423076923077 0.4567307692307692 0.3269230769230769 0.4567307692307692 0.326923076923077 0.5697115384615384 0.38942307692307704 0.5697115384615384
0 0.4615384615384616 0.46153846153846156 0.4014423076923077 0.46153846153846156 0.40144230769230776 0.5769230769230769 0.4615384615384617 0.5769230769230769
0 0.6009615384615384 0.3028846153846155 0.5360576923076923 0.3028846153846155 0.5360576923076923 0.4423076923076924 0.6009615384615384 0.44230769230769246
0 0.7884615384615384 0.21394230769230776 0.5360576923076923 0.21394230769230776 0.5360576923076923 0.2908653846153847 0.7884615384615384 0.2908653846153847
0 0.5985576923076924 0.45432692307692313 0.5408653846153846 0.4543269230769231 0.5408653846153847 0.5721153846153847 0.5985576923076924 0.5721153846153848
0 0.6706730769230769 0.3052884615384616 0.5961538461538461 0.3052884615384616 0.5961538461538461 0.44230769230769246 0.6706730769230769 0.44230769230769246
0 0.6730769230769231 0.4639423076923078 0.6081730769230769 0.4639423076923078 0.608173076923077 0.5697115384615385 0.6730769230769231 0.5697115384615385
0 0.7331730769230769 0.31009615384615397 0.6682692307692307 0.31009615384615397 0.6682692307692307 0.4399038461538463 0.7331730769230769 0.4399038461538463
0 0.7403846153846154 0.48557692307692324 0.6778846153846154 0.48557692307692324 0.6778846153846154 0.5673076923076924 0.7403846153846154 0.5673076923076924
0 0.8004807692307693 0.3052884615384616 0.7283653846153846 0.3052884615384616 0.7283653846153846 0.44230769230769246 0.8004807692307693 0.44230769230769246
0 0.8028846153846154 0.4759615384615386 0.7451923076923077 0.4759615384615386 0.7451923076923077 0.5817307692307694 0.8028846153846154 0.5817307692307694