0 0.30528846153846156 0.12019230769230771 0.05769230769230771 0.1201923076923077 0.05769230769230772 0.43509615384615385 0.3052884615384616 0.43509615384615385
0 0.20913461538461545 0.59375 0.028846153846153924 0.59375 0.028846153846153928 0.6923076923076923 0.20913461538461545 0.6923076923076923
0 0.2163461538461539 0.6225961538461539 0.16346153846153852 0.6225961538461539 0.16346153846153852 0.7644230769230769 0.2163461538461539 0.7644230769230769
0 0.35336538461538475 0.6153846153846154 0.22115384615384623 0.6153846153846154 0.22115384615384623 0.7668269230769231 0.35336538461538475 0.7668269230769231
0 0.46634615384615385 0.25480769230769235 0.27163461538461536 0.2548076923076923 0.2716346153846154 0.5168269230769231 0.46634615384615385 0.5168269230769231
0 0.4302884615384616 0.5168269230769231 0.27644230769230776 0.5168269230769231 0.27644230769230776 0.6153846153846154 0.4302884615384617 0.6153846153846154
0 0.5408653846153848 0.6730769230769231 0.4134615384615386 0.6730769230769231 0.4134615384615386 0.7524038461538461 0.5408653846153848 0.7524038461538461
0 0.6658653846153846 0.7572115384615384 0.4615384615384617 0.7572115384615384 0.4615384615384617 0.8149038461538461 0.6658653846153846 0.8149038461538461
0 0.6995192307692307 0.38942307692307704 0.5625 0.38942307692307704 0.5625 0.5336538461538463 0.6995192307692307 0.5336538461538463
0 0.7451923076923077 0.39663461538461553 0.6322115384615384 0.39663461538461553 0.6322115384615384 0.4927884615384617 0.7451923076923077 0.4927884615384617
0 0.8653846153846154 0.5360576923076924 0.7019230769230769 0.5360576923076924 0.7019230769230769 0.7716346153846154 0.8653846153846154 0.7716346153846154
0 1 0.528846153846154 0.8653846153846154 0.528846153846154 0.8653846153846154 0.7764423076923077 1 0.7764423076923077