0 0.045673076923076976 0.34375 4.209723372069027e-17 0.34375 5.1811979963926487e-17 0.5024038461538461 0.04567307692307699 0.5024038461538461
0 0.08413461538461543 0.2403846153846154 2.9438624979503685e-17 0.2403846153846154 4.4010744344358005e-17 0.47836538461538464 0.08413461538461545 0.47836538461538464
0 0.17307692307692316 0.5961538461538461 0.007211538461538534 0.5961538461538461 0.007211538461538539 0.6826923076923077 0.17307692307692316 0.6826923076923077
0 0.4110576923076924 0.13461538461538464 0.04326923076923079 0.1346153846153846 0.04326923076923081 0.5793269230769231 0.41105769230769246 0.5793269230769231
0 0.23317307692307704 0.7019230769230769 0.15625000000000006 0.7019230769230769 0.1562500000000001 0.8774038461538461 0.23317307692307707 0.8774038461538461
0 0.6706730769230769 0.625 0.1754807692307693 0.625 0.1754807692307693 0.6971153846153846 0.6706730769230769 0.6971153846153846
0 0.3750000000000001 0.7043269230769231 0.3197115384615386 0.7043269230769231 0.3197115384615386 0.8918269230769231 0.3750000000000001 0.8918269230769231
0 0.5865384615384617 0.6730769230769231 0.3870192307692309 0.6730769230769231 0.3870192307692309 0.8894230769230769 0.5865384615384617 0.8894230769230769
0 0.6754807692307693 0.13221153846153852 0.41346153846153844 0.1322115384615385 0.41346153846153855 0.5985576923076924 0.6754807692307693 0.5985576923076924
0 0.8653846153846154 0.20192307692307704 0.6826923076923077 0.20192307692307698 0.6826923076923077 0.6418269230769231 0.8653846153846154 0.6418269230769231
0 0.8485576923076923 0.6658653846153846 0.7716346153846154 0.6658653846153846 0.7716346153846154 0.7139423076923077 0.8485576923076923 0.7139423076923077
0 1 0.4086538461538463 0.8701923076923077 0.4086538461538463 0.8701923076923077 0.6802884615384616 1 0.6802884615384616