0 0.09855769230769239 0.65625 0.0024038461538462338 0.65625 0.002403846153846243 0.8052884615384616 0.09855769230769242 0.8052884615384616
0 0.17548076923076927 0.1418269230769231 0.07451923076923078 0.14182692307692307 0.07451923076923081 0.5793269230769231 0.1754807692307693 0.5793269230769231
0 0.2908653846153847 0.6081730769230769 0.12740384615384623 0.6081730769230769 0.12740384615384623 0.9014423076923077 0.29086538461538475 0.9014423076923077
0 0.30528846153846156 0.002403846153846185 0.2091346153846154 0.0024038461538461796 0.20913461538461542 0.5745192307692307 0.3052884615384616 0.5745192307692307
0 0.36057692307692324 0.7692307692307693 0.3076923076923078 0.7692307692307693 0.3076923076923078 0.9182692307692307 0.36057692307692324 0.9182692307692307
0 0.38942307692307704 0.6177884615384616 0.3076923076923078 0.6177884615384616 0.3076923076923078 0.7548076923076923 0.38942307692307704 0.7548076923076923
0 0.38701923076923084 0.31009615384615385 0.31490384615384615 0.31009615384615385 0.3149038461538462 0.6105769230769231 0.3870192307692309 0.6105769230769231
0 0.4759615384615386 0.7355769230769231 0.3629807692307694 0.7355769230769231 0.3629807692307694 0.8149038461538461 0.4759615384615386 0.8149038461538461
0 0.37980769230769246 0.8269230769230769 0.36538461538461553 0.8269230769230769 0.36538461538461553 0.9182692307692307 0.37980769230769246 0.9182692307692307
0 0.41105769230769246 0.8389423076923077 0.3750000000000001 0.8389423076923077 0.3750000000000001 0.9831730769230769 0.41105769230769246 0.9831730769230769
0 0.4879807692307693 0.3942307692307692 0.39663461538461536 0.3942307692307692 0.3966346153846155 0.6947115384615384 0.4879807692307694 0.6947115384615384
0 0.49038461538461553 0.8870192307692307 0.4567307692307694 0.8870192307692307 0.4567307692307694 0.9783653846153846 0.49038461538461553 0.9783653846153846
0 0.5456730769230771 0.5697115384615384 0.4879807692307694 0.5697115384615384 0.4879807692307694 0.8677884615384616 0.5456730769230771 0.8677884615384616
0 0.528846153846154 0.8918269230769231 0.5024038461538463 0.8918269230769231 0.5024038461538463 0.9807692307692307 0.528846153846154 0.9807692307692307
0 0.6322115384615384 0.5024038461538463 0.5576923076923077 0.5024038461538461 0.5576923076923077 0.9471153846153846 0.6322115384615384 0.9471153846153846
0 0.6899038461538461 0.5312500000000001 0.6298076923076923 0.5312500000000001 0.6298076923076923 0.9447115384615384 0.6899038461538461 0.9447115384615384
0 0.7644230769230769 0.7403846153846154 0.71875 0.7403846153846154 0.71875 0.9206730769230769 0.7644230769230769 0.9206730769230769
0 0.8966346153846154 0.09134615384615395 0.7884615384615384 0.09134615384615395 0.7884615384615384 0.5168269230769232 0.8966346153846154 0.5168269230769232
0 0.9807692307692307 0.7331730769230769 0.8870192307692307 0.7331730769230769 0.8870192307692307 0.8990384615384616 0.9807692307692307 0.8990384615384616