0 0.8317307692307693 0.39182692307692324 0.6899038461538461 0.39182692307692324 0.6899038461538461 0.5721153846153848 0.8317307692307693 0.5721153846153848
0 0.17307692307692307 1.0745098117518844e-17 0.002403846153846154 2.9438624979503682e-19 0.002403846153846163 0.1466346153846154 0.17307692307692307 0.14663461538461542
0 0.18028846153846156 0.2764423076923077 0.1322115384615385 0.2764423076923077 0.1322115384615385 0.39903846153846156 0.18028846153846162 0.39903846153846156
0 0.19230769230769235 0.16105769230769232 0.1370192307692308 0.16105769230769232 0.1370192307692308 0.2860576923076923 0.19230769230769237 0.2860576923076923
0 0.22596153846153852 0.47115384615384615 0.1850961538461539 0.47115384615384615 0.1850961538461539 0.53125 0.22596153846153852 0.53125
0 0.36057692307692313 0.5216346153846154 0.3317307692307692 0.5216346153846154 0.3317307692307693 0.6322115384615384 0.36057692307692324 0.6322115384615384
0 0.48317307692307704 0.6057692307692307 0.44711538461538475 0.6057692307692307 0.44711538461538475 0.7403846153846154 0.48317307692307704 0.7403846153846154
0 0.6033653846153847 0.30769230769230776 0.4807692307692308 0.3076923076923077 0.48076923076923084 0.560096153846154 0.6033653846153848 0.560096153846154
0 0.6346153846153846 0.3509615384615386 0.6009615384615384 0.3509615384615386 0.6009615384615384 0.5168269230769232 0.6346153846153846 0.5168269230769232
0 0.6754807692307693 0.3870192307692309 0.625 0.3870192307692309 0.625 0.5336538461538463 0.6754807692307693 0.5336538461538463
0 0.7932692307692307 0.12740384615384623 0.6538461538461539 0.12740384615384623 0.6538461538461539 0.3149038461538463 0.7932692307692307 0.3149038461538463
0 0.7884615384615384 0.7235576923076923 0.6826923076923077 0.7235576923076923 0.6826923076923077 0.7668269230769231 0.7884615384615384 0.7668269230769231
0 0.8173076923076923 0.5841346153846155 0.6826923076923077 0.5841346153846155 0.6826923076923077 0.7235576923076923 0.8173076923076923 0.7235576923076923
0 0.84375 0.6346153846153846 0.8269230769230769 0.6346153846153846 0.8269230769230769 0.7139423076923077 0.84375 0.7139423076923077
0 0.8942307692307693 0.44230769230769246 0.8317307692307693 0.44230769230769246 0.8317307692307693 0.5649038461538463 0.8942307692307693 0.5649038461538463
0 0.8846153846153846 0.6466346153846154 0.8581730769230769 0.6466346153846154 0.8581730769230769 0.6778846153846154 0.8846153846153846 0.6778846153846154
0 0.9038461538461539 0.5937500000000001 0.8774038461538461 0.5937500000000001 0.8774038461538461 0.7259615384615384 0.9038461538461539 0.7259615384615384
0 0.9278846153846154 0.560096153846154 0.8942307692307693 0.560096153846154 0.8942307692307693 0.7163461538461539 0.9278846153846154 0.7163461538461539
0 0.9519230769230769 0.5937500000000001 0.9278846153846154 0.5937500000000001 0.9278846153846154 0.6706730769230769 0.9519230769230769 0.6706730769230769
0 0.9663461538461539 0.5865384615384617 0.9423076923076923 0.5865384615384617 0.9423076923076923 0.6706730769230769 0.9663461538461539 0.6706730769230769