0 0.31009615384615385 1.8987913111779876e-17 0 0 2.9733011229298717e-17 0.4855769230769231 0.31009615384615385 0.4855769230769231
0 0.31730769230769246 0.6850961538461539 0.264423076923077 0.6850961538461539 0.26442307692307704 0.8918269230769231 0.31730769230769246 0.8918269230769231
0 0.36538461538461553 0.7451923076923077 0.3437500000000001 0.7451923076923077 0.3437500000000001 0.875 0.36538461538461553 0.875
0 0.45432692307692324 0.8461538461538461 0.4302884615384617 0.8461538461538461 0.4302884615384617 0.9254807692307693 0.45432692307692324 0.9254807692307693
0 0.4639423076923078 0.7932692307692307 0.4399038461538463 0.7932692307692307 0.4399038461538463 0.8389423076923077 0.4639423076923078 0.8389423076923077
0 0.46634615384615397 0.7427884615384616 0.4399038461538463 0.7427884615384616 0.4399038461538463 0.7908653846153846 0.46634615384615397 0.7908653846153846
0 0.4639423076923078 0.7067307692307693 0.4399038461538463 0.7067307692307693 0.4399038461538463 0.7331730769230769 0.4639423076923078 0.7331730769230769
0 0.5673076923076924 0.5504807692307693 0.5432692307692307 0.5504807692307693 0.5432692307692308 0.7331730769230769 0.5673076923076924 0.7331730769230769
0 0.5841346153846155 0.8149038461538461 0.5504807692307694 0.8149038461538461 0.5504807692307694 0.8774038461538461 0.5841346153846155 0.8774038461538461
0 0.6153846153846154 0.7644230769230769 0.5865384615384617 0.7644230769230769 0.5865384615384617 0.8629807692307693 0.6153846153846154 0.8629807692307693
0 0.6706730769230769 0.7764423076923077 0.6466346153846154 0.7764423076923077 0.6466346153846154 0.8774038461538461 0.6706730769230769 0.8774038461538461
0 0.6995192307692307 8.301692244220039e-17 0.65625 8.036744619404505e-17 0.65625 0.7067307692307693 0.6995192307692307 0.7067307692307693
0 0.7019230769230769 0.7620192307692307 0.6682692307692307 0.7620192307692307 0.6682692307692307 0.9038461538461539 0.7019230769230769 0.9038461538461539
0 0.8052884615384616 9.155412368625644e-17 0.6899038461538461 8.448885369117557e-17 0.6899038461538461 0.27644230769230776 0.8052884615384616 0.27644230769230776
0 1 0.04326923076923087 0.7403846153846154 0.04326923076923085 0.7403846153846154 0.5889423076923078 1 0.5889423076923078
0 0.9399038461538461 0.574519230769231 0.7596153846153846 0.574519230769231 0.7596153846153846 0.8894230769230769 0.9399038461538461 0.8894230769230769