0 0.9975961538461539 0.2548076923076924 0.8125 0.2548076923076924 0.8125 0.4951923076923078 0.9975961538461539 0.4951923076923078
0 0.048076923076923114 0.15144230769230768 1.8546333737087322e-17 0.15144230769230768 3.2971259977044127e-17 0.3870192307692308 0.04807692307692313 0.3870192307692308
0 0.10096153846153848 6.1821112456957745e-18 0 0 8.978780618748623e-18 0.1466346153846154 0.10096153846153849 0.1466346153846154
0 0.1250000000000001 0.7596153846153846 0.08894230769230779 0.7596153846153846 0.08894230769230779 0.7884615384615384 0.1250000000000001 0.7884615384615384
0 0.17788461538461545 0.7235576923076923 0.12259615384615395 0.7235576923076923 0.12259615384615395 0.7644230769230769 0.17788461538461545 0.7644230769230769
0 0.2524038461538462 0.78125 0.23076923076923084 0.78125 0.23076923076923084 0.7956730769230769 0.2524038461538462 0.7956730769230769
0 0.35817307692307704 0.7524038461538461 0.2596153846153847 0.7524038461538461 0.2596153846153847 0.7836538461538461 0.35817307692307704 0.7836538461538461
0 0.3052884615384616 0.78125 0.2836538461538462 0.78125 0.2836538461538462 0.7956730769230769 0.3052884615384616 0.7956730769230769
0 0.3509615384615386 0.78125 0.32692307692307704 0.78125 0.32692307692307704 0.8004807692307693 0.3509615384615386 0.8004807692307693
0 0.5240384615384617 0.6538461538461539 0.3750000000000001 0.6538461538461539 0.3750000000000001 0.7620192307692307 0.5240384615384617 0.7620192307692307
0 0.5000000000000001 0.5216346153846154 0.40625 0.5216346153846154 0.40625000000000006 0.6418269230769231 0.5000000000000001 0.6418269230769231
0 0.528846153846154 0.5408653846153846 0.5024038461538461 0.5408653846153846 0.5024038461538463 0.6081730769230769 0.528846153846154 0.6081730769230769
0 0.5336538461538463 0.6730769230769231 0.5240384615384617 0.6730769230769231 0.5240384615384617 0.7884615384615384 0.5336538461538463 0.7884615384615384
0 0.5841346153846155 0.6177884615384616 0.5360576923076924 0.6177884615384616 0.5360576923076924 0.6971153846153846 0.5841346153846155 0.6971153846153846
0 0.6009615384615385 0.6274038461538461 0.5841346153846155 0.6274038461538461 0.5841346153846155 0.6971153846153846 0.6009615384615385 0.6971153846153846
0 0.6706730769230769 0.6442307692307693 0.5961538461538463 0.6442307692307693 0.5961538461538463 0.6971153846153846 0.6706730769230769 0.6971153846153846
0 0.6754807692307693 0.6370192307692307 0.6322115384615384 0.6370192307692307 0.6322115384615384 0.6730769230769231 0.6754807692307693 0.6730769230769231
0 0.6899038461538461 0.6346153846153846 0.6706730769230769 0.6346153846153846 0.6706730769230769 0.7091346153846154 0.6899038461538461 0.7091346153846154
0 0.7043269230769231 0.6706730769230769 0.6875 0.6706730769230769 0.6875 0.7283653846153846 0.7043269230769231 0.7283653846153846
0 0.8389423076923077 0.41586538461538475 0.7259615384615384 0.41586538461538475 0.7259615384615384 0.5144230769230771 0.8389423076923077 0.5144230769230771
0 0.8461538461538461 0.47355769230769246 0.7355769230769231 0.47355769230769246 0.7355769230769231 0.6153846153846154 0.8461538461538461 0.6153846153846154
0 0.8485576923076923 0.6177884615384616 0.7596153846153846 0.6177884615384616 0.7596153846153846 0.7115384615384616 0.8485576923076923 0.7115384615384616
0 0.9230769230769231 0.7620192307692307 0.875 0.7620192307692307 0.875 0.8701923076923077 0.9230769230769231 0.8701923076923077
0 0.9735576923076923 0.5000000000000001 0.8894230769230769 0.5000000000000001 0.8894230769230769 0.5889423076923078 0.9735576923076923 0.5889423076923078
0 0.9855769230769231 0.5961538461538463 0.9014423076923077 0.5961538461538463 0.9014423076923077 0.6899038461538461 0.9855769230769231 0.6899038461538461
0 1 0.5384615384615385 0.9735576923076923 0.5384615384615385 0.9735576923076923 0.5841346153846155 1 0.5841346153846155
0 0.9975961538461539 0.5889423076923078 0.9807692307692307 0.5889423076923078 0.9807692307692307 0.6850961538461539 0.9975961538461539 0.6850961538461539