0 0.27644230769230776 0.4567307692307692 5.593338746105699e-17 0.4567307692307692 5.976040870839248e-17 0.5192307692307693 0.27644230769230776 0.5192307692307693
0 0.14423076923076927 0.18509615384615385 0.002403846153846176 0.18509615384615385 0.002403846153846186 0.33653846153846156 0.14423076923076927 0.33653846153846156
0 0.40625 0.3557692307692308 0.0024038461538461978 0.3557692307692308 0.0024038461538462034 0.4519230769230769 0.40625 0.4519230769230769
0 0.6442307692307693 0.028846153846153886 0.002403846153846157 0.028846153846153848 0.002403846153846177 0.35096153846153855 0.6442307692307693 0.3509615384615386
0 0.4014423076923077 0.22355769230769235 0.1370192307692308 0.22355769230769232 0.1370192307692308 0.38221153846153844 0.4014423076923077 0.38221153846153844
0 0.6105769230769231 0.44951923076923084 0.28125000000000006 0.4495192307692308 0.28125000000000006 0.5120192307692308 0.6105769230769231 0.512019230769231
0 0.6586538461538461 0.389423076923077 0.41346153846153844 0.3894230769230769 0.41346153846153844 0.45432692307692313 0.6586538461538461 0.45432692307692324
0 0.6442307692307693 0.29807692307692313 0.41346153846153844 0.29807692307692313 0.41346153846153844 0.4278846153846155 0.6442307692307693 0.42788461538461553
0 0.6610576923076923 0.06009615384615392 0.4543269230769231 0.060096153846153896 0.4543269230769231 0.25000000000000006 0.6610576923076923 0.25000000000000006
0 0.7211538461538461 0.4399038461538463 0.6514423076923077 0.4399038461538463 0.6514423076923077 0.5024038461538463 0.7211538461538461 0.5024038461538463
0 0.6802884615384616 0.2692307692307693 0.6514423076923077 0.2692307692307693 0.6514423076923077 0.40384615384615397 0.6802884615384616 0.40384615384615397
0 0.71875 0.31730769230769246 0.65625 0.31730769230769246 0.65625 0.42788461538461553 0.71875 0.42788461538461553
0 0.8004807692307693 0.31730769230769246 0.71875 0.31730769230769246 0.71875 0.3942307692307694 0.8004807692307693 0.3942307692307694
0 0.8100961538461539 0.37980769230769246 0.7211538461538461 0.37980769230769246 0.7211538461538461 0.5000000000000001 0.8100961538461539 0.5000000000000001
0 0.9014423076923077 0.4639423076923078 0.8317307692307693 0.4639423076923078 0.8317307692307693 0.4951923076923078 0.9014423076923077 0.4951923076923078