0 0.8894230769230769 0.07692307692307702 0.7067307692307693 0.07692307692307702 0.7067307692307693 0.4086538461538463 0.8894230769230769 0.4086538461538463
0 0.19951923076923087 0.8173076923076923 1.0009132493031252e-16 0.8173076923076923 1.0700940180049589e-16 0.9302884615384616 0.1995192307692309 0.9302884615384616
0 0.19951923076923084 0.5072115384615384 6.211549870675278e-17 0.5072115384615384 7.27134036993741e-17 0.6802884615384616 0.19951923076923084 0.6802884615384616
0 0.38942307692307704 0.8413461538461539 0.2524038461538463 0.8413461538461539 0.2524038461538463 0.9639423076923077 0.38942307692307704 0.9639423076923077
0 0.4879807692307694 0.9038461538461539 0.42067307692307704 0.9038461538461539 0.42067307692307704 0.9951923076923077 0.4879807692307694 0.9951923076923077
0 0.7283653846153846 0.1658653846153847 0.43028846153846156 0.1658653846153847 0.43028846153846156 0.4471153846153847 0.7283653846153846 0.44711538461538475
0 0.5168269230769232 0.6538461538461539 0.48317307692307704 0.6538461538461539 0.48317307692307704 0.9879807692307693 0.5168269230769232 0.9879807692307693
0 0.6153846153846154 0.1346153846153847 0.5192307692307693 0.1346153846153847 0.5192307692307693 0.20913461538461545 0.6153846153846154 0.20913461538461545
0 0.6418269230769231 0.6322115384615384 0.5264423076923078 0.6322115384615384 0.5264423076923078 0.6923076923076923 0.6418269230769231 0.6923076923076923
0 0.7139423076923077 0.4927884615384617 0.6514423076923077 0.4927884615384617 0.6514423076923077 0.9975961538461539 0.7139423076923077 0.9975961538461539
0 0.7548076923076923 0.84375 0.7115384615384616 0.84375 0.7115384615384616 0.9423076923076923 0.7548076923076923 0.9423076923076923
0 0.7427884615384616 0.7211538461538461 0.7139423076923077 0.7211538461538461 0.7139423076923077 0.8076923076923077 0.7427884615384616 0.8076923076923077
0 0.7908653846153846 0.8341346153846154 0.7668269230769231 0.8341346153846154 0.7668269230769231 0.9927884615384616 0.7908653846153846 0.9927884615384616
0 0.8653846153846154 0.5480769230769232 0.8269230769230769 0.5480769230769232 0.8269230769230769 0.7956730769230769 0.8653846153846154 0.7956730769230769
0 0.9663461538461539 0.4567307692307694 0.8822115384615384 0.4567307692307694 0.8822115384615384 0.9855769230769231 0.9663461538461539 0.9855769230769231
0 1 0.512019230769231 0.9567307692307693 0.512019230769231 0.9567307692307693 0.9975961538461539 1 0.9975961538461539