0 0.08894230769230772 5.446145621208183e-18 0 0 3.473757747581434e-17 0.5673076923076923 0.08894230769230776 0.5673076923076923
0 0.14423076923076933 0.7956730769230769 0.04086538461538472 0.7956730769230769 0.04086538461538472 0.8461538461538461 0.14423076923076933 0.8461538461538461
0 0.24278846153846165 0.8149038461538461 0.14663461538461547 0.8149038461538461 0.14663461538461547 0.8485576923076923 0.24278846153846168 0.8485576923076923
0 0.28605769230769235 0.06009615384615387 0.2091346153846154 0.06009615384615386 0.20913461538461542 0.5216346153846154 0.2860576923076924 0.5216346153846154
0 0.28125000000000006 0.5384615384615384 0.21153846153846162 0.5384615384615384 0.21153846153846162 0.7139423076923077 0.28125000000000006 0.7139423076923077
0 0.32692307692307704 0.7091346153846154 0.2548076923076924 0.7091346153846154 0.2548076923076924 0.7908653846153846 0.32692307692307704 0.7908653846153846
0 0.3653846153846155 0.5192307692307693 0.32211538461538464 0.5192307692307693 0.3221153846153847 0.7211538461538461 0.36538461538461553 0.7211538461538461
0 0.41346153846153844 0.2548076923076924 0.3317307692307692 0.2548076923076924 0.3317307692307692 0.34134615384615385 0.41346153846153844 0.34134615384615385
0 0.40384615384615397 0.7259615384615384 0.3317307692307694 0.7259615384615384 0.3317307692307694 0.8004807692307693 0.40384615384615397 0.8004807692307693
0 0.4038461538461539 0.3581730769230769 0.35096153846153844 0.3581730769230769 0.35096153846153855 0.6057692307692307 0.40384615384615397 0.6057692307692307
0 0.5168269230769231 0.4495192307692308 0.43990384615384615 0.4495192307692308 0.43990384615384615 0.5456730769230769 0.5168269230769231 0.5456730769230769
0 0.5841346153846155 0.7740384615384616 0.5456730769230771 0.7740384615384616 0.5456730769230771 0.8221153846153846 0.5841346153846155 0.8221153846153846
0 0.5961538461538463 0.6923076923076923 0.543269230769231 0.6923076923076923 0.543269230769231 0.7788461538461539 0.5961538461538463 0.7788461538461539
0 0.6033653846153846 0.3221153846153847 0.5456730769230769 0.32211538461538464 0.5456730769230769 0.4711538461538462 0.6033653846153846 0.4711538461538463
0 0.625 0.6658653846153846 0.5961538461538463 0.6658653846153846 0.5961538461538463 0.7956730769230769 0.625 0.7956730769230769
0 0.6490384615384616 0.6514423076923077 0.625 0.6514423076923077 0.625 0.7980769230769231 0.6490384615384616 0.7980769230769231
0 0.7524038461538461 0.6634615384615384 0.7331730769230769 0.6634615384615384 0.7331730769230769 0.6899038461538461 0.7524038461538461 0.6899038461538461
0 0.7596153846153846 0.6826923076923077 0.7355769230769231 0.6826923076923077 0.7355769230769231 0.7235576923076923 0.7596153846153846 0.7235576923076923
0 0.7572115384615384 0.7524038461538461 0.7379807692307693 0.7524038461538461 0.7379807692307693 0.7908653846153846 0.7572115384615384 0.7908653846153846
0 0.7548076923076923 0.7211538461538461 0.7403846153846154 0.7211538461538461 0.7403846153846154 0.7524038461538461 0.7548076923076923 0.7524038461538461
0 0.7548076923076923 0.7788461538461539 0.7451923076923077 0.7788461538461539 0.7451923076923077 0.8221153846153846 0.7548076923076923 0.8221153846153846
0 0.8365384615384616 0.41105769230769246 0.7596153846153846 0.41105769230769246 0.7596153846153846 0.5192307692307694 0.8365384615384616 0.5192307692307694
0 0.8269230769230769 0.6923076923076923 0.7908653846153846 0.6923076923076923 0.7908653846153846 0.7283653846153846 0.8269230769230769 0.7283653846153846
0 0.8485576923076923 0.5552884615384617 0.7956730769230769 0.5552884615384617 0.7956730769230769 0.6490384615384616 0.8485576923076923 0.6490384615384616
0 0.9951923076923077 0.5865384615384617 0.9519230769230769 0.5865384615384617 0.9519230769230769 0.6466346153846154 0.9951923076923077 0.6466346153846154