0 0.15144230769230774 0.30288461538461536 0.0384615384615385 0.30288461538461536 0.038461538461538505 0.4831730769230769 0.15144230769230776 0.4831730769230769
0 0.1610576923076924 0.5793269230769231 0.06009615384615392 0.5793269230769231 0.06009615384615394 0.9951923076923077 0.16105769230769246 0.9951923076923077
0 0.16105769230769237 0.47596153846153844 0.06971153846153852 0.47596153846153844 0.06971153846153852 0.6033653846153846 0.16105769230769237 0.6033653846153846
0 0.21153846153846165 0.7596153846153846 0.10817307692307702 0.7596153846153846 0.10817307692307704 0.9927884615384616 0.21153846153846168 0.9927884615384616
0 0.2379807692307693 0.5144230769230769 0.1442307692307693 0.5144230769230769 0.14423076923076933 0.78125 0.2379807692307693 0.78125
0 0.24519230769230776 0.33413461538461536 0.1754807692307693 0.33413461538461536 0.1754807692307693 0.4807692307692308 0.24519230769230776 0.4807692307692308
0 0.3677884615384617 0.7524038461538461 0.19230769230769237 0.7524038461538461 0.1923076923076924 1 0.3677884615384617 1
0 0.3942307692307692 0.1995192307692308 0.22115384615384615 0.19951923076923078 0.2211538461538462 0.375 0.3942307692307692 0.375
0 0.3653846153846155 0.5024038461538461 0.22355769230769237 0.5024038461538461 0.22355769230769237 0.8028846153846154 0.36538461538461553 0.8028846153846154
0 0.7884615384615384 6.903357557693613e-17 0.3389423076923077 4.1508461221100193e-17 0.33894230769230776 0.5865384615384616 0.7884615384615384 0.5865384615384617
0 0.42788461538461553 0.6105769230769231 0.3701923076923078 0.6105769230769231 0.3701923076923078 1 0.42788461538461553 1
0 0.5000000000000001 0.5504807692307693 0.42788461538461536 0.5504807692307693 0.4278846153846155 0.9735576923076923 0.5000000000000001 0.9735576923076923
0 0.6418269230769231 0.4735576923076924 0.5384615384615384 0.4735576923076923 0.5384615384615385 0.9639423076923077 0.6418269230769231 0.9639423076923077
0 0.7788461538461539 0.3870192307692309 0.6346153846153846 0.3870192307692309 0.6346153846153846 0.9543269230769231 0.7788461538461539 0.9543269230769231
0 1 0.1057692307692309 0.7788461538461539 0.10576923076923087 0.7788461538461539 0.6826923076923077 1 0.6826923076923077