0 0.17307692307692316 0.37259615384615385 0.019230769230769273 0.37259615384615385 0.019230769230769294 0.6730769230769231 0.17307692307692316 0.6730769230769231
0 0.22355769230769237 0.5769230769230769 0.14903846153846162 0.5769230769230769 0.14903846153846162 0.6442307692307693 0.22355769230769237 0.6442307692307693
0 0.295673076923077 0.6274038461538461 0.23557692307692316 0.6274038461538461 0.23557692307692316 0.7211538461538461 0.295673076923077 0.7211538461538461
0 0.3317307692307692 0.3629807692307692 0.2524038461538462 0.3629807692307692 0.2524038461538462 0.44711538461538464 0.3317307692307692 0.44711538461538464
0 0.37019230769230776 0.5288461538461539 0.31971153846153844 0.5288461538461539 0.31971153846153855 0.7379807692307693 0.3701923076923078 0.7379807692307693
0 0.5528846153846155 0.5697115384615384 0.5096153846153848 0.5697115384615384 0.5096153846153848 0.59375 0.5528846153846155 0.59375
0 0.5576923076923078 0.5985576923076923 0.512019230769231 0.5985576923076923 0.512019230769231 0.6153846153846154 0.5576923076923078 0.6153846153846154
0 0.5673076923076924 0.6634615384615384 0.5168269230769232 0.6634615384615384 0.5168269230769232 0.7115384615384616 0.5673076923076924 0.7115384615384616
0 0.5625000000000001 0.6274038461538461 0.5216346153846155 0.6274038461538461 0.5216346153846155 0.6610576923076923 0.5625000000000001 0.6610576923076923
0 0.6923076923076923 0.7620192307692307 0.6466346153846154 0.7620192307692307 0.6466346153846154 0.8221153846153846 0.6923076923076923 0.8221153846153846
0 0.7548076923076923 0.42788461538461553 0.6610576923076923 0.42788461538461553 0.6610576923076923 0.5625000000000001 0.7548076923076923 0.5625000000000001