0 0.09855769230769236 0.41586538461538464 5.0928821214541367e-17 0.41586538461538464 6.211549870675278e-17 0.5985576923076923 0.09855769230769237 0.5985576923076923
0 0.06730769230769239 0.6033653846153846 0.0072115384615385365 0.6033653846153846 0.007211538461538543 0.71875 0.06730769230769239 0.71875
0 0.2836538461538462 0.21634615384615388 0.23317307692307693 0.21634615384615385 0.23317307692307696 0.7019230769230769 0.2836538461538462 0.7019230769230769
0 0.3149038461538463 0.7548076923076923 0.24278846153846162 0.7548076923076923 0.24278846153846162 0.8076923076923077 0.3149038461538463 0.8076923076923077
0 0.3966346153846155 0.49038461538461536 0.3485576923076923 0.49038461538461536 0.3485576923076924 0.6346153846153846 0.39663461538461553 0.6346153846153846
0 0.39663461538461553 0.6225961538461539 0.35336538461538475 0.6225961538461539 0.35336538461538475 0.7115384615384616 0.39663461538461553 0.7115384615384616
0 0.4879807692307693 0.5192307692307693 0.39903846153846156 0.5192307692307693 0.3990384615384616 0.6826923076923077 0.4879807692307694 0.6826923076923077
0 0.4879807692307694 0.6875 0.4014423076923078 0.6875 0.4014423076923078 0.7379807692307693 0.4879807692307694 0.7379807692307693
0 0.4807692307692308 0.37259615384615385 0.40865384615384615 0.37259615384615385 0.40865384615384615 0.5264423076923077 0.4807692307692308 0.5264423076923077
0 0.46875 0.1538461538461539 0.41346153846153844 0.1538461538461539 0.41346153846153844 0.1971153846153847 0.46875 0.1971153846153847
0 0.4807692307692308 0.24038461538461545 0.41346153846153844 0.24038461538461545 0.41346153846153844 0.38461538461538464 0.4807692307692308 0.38461538461538464
0 0.47596153846153844 0.1971153846153847 0.4182692307692308 0.1971153846153847 0.4182692307692308 0.2475961538461539 0.47596153846153844 0.2475961538461539
0 0.6346153846153846 0.7091346153846154 0.5937500000000001 0.7091346153846154 0.5937500000000001 0.7884615384615384 0.6346153846153846 0.7884615384615384
0 0.6610576923076923 0.3822115384615386 0.5961538461538461 0.3822115384615386 0.5961538461538461 0.4807692307692309 0.6610576923076923 0.4807692307692309
0 0.6490384615384616 0.5072115384615385 0.6105769230769231 0.5072115384615385 0.6105769230769231 0.6033653846153848 0.6490384615384616 0.6033653846153848
0 0.6706730769230769 0.6706730769230769 0.6394230769230769 0.6706730769230769 0.6394230769230769 0.7908653846153846 0.6706730769230769 0.7908653846153846
0 0.8389423076923077 0.5937500000000001 0.7596153846153846 0.5937500000000001 0.7596153846153846 0.7716346153846154 0.8389423076923077 0.7716346153846154
0 0.875 1.0097448367969764e-16 0.7740384615384616 9.479237243400186e-17 0.7740384615384616 0.08173076923076933 0.875 0.08173076923076933
0 0.8894230769230769 0.36057692307692324 0.78125 0.36057692307692324 0.78125 0.5985576923076924 0.8894230769230769 0.5985576923076924
0 0.8870192307692307 0.5793269230769232 0.8509615384615384 0.5793269230769232 0.8509615384615384 0.7836538461538461 0.8870192307692307 0.7836538461538461
0 0.9975961538461539 0.43509615384615397 0.8701923076923077 0.43509615384615397 0.8701923076923077 0.6995192307692307 0.9975961538461539 0.6995192307692307
0 0.9903846153846154 0.6923076923076923 0.8942307692307693 0.6923076923076923 0.8942307692307693 0.8173076923076923 0.9903846153846154 0.8173076923076923