0 0.1995192307692308 0.05528846153846155 0.012019230769230779 0.055288461538461536 0.012019230769230801 0.46153846153846156 0.19951923076923084 0.46153846153846156
0 0.0865384615384616 0.4567307692307692 0.02644230769230775 0.4567307692307692 0.026442307692307758 0.5264423076923077 0.0865384615384616 0.5264423076923077
0 0.09134615384615391 0.5745192307692307 0.052884615384615453 0.5745192307692307 0.05288461538461546 0.65625 0.09134615384615391 0.65625
0 0.14182692307692316 0.6682692307692307 0.0817307692307693 0.6682692307692307 0.08173076923076932 0.7379807692307693 0.14182692307692318 0.7379807692307693
0 0.1442307692307693 0.43509615384615385 0.0865384615384616 0.43509615384615385 0.0865384615384616 0.5192307692307693 0.1442307692307693 0.5192307692307693
0 0.22596153846153852 0.4735576923076923 0.17067307692307698 0.4735576923076923 0.17067307692307698 0.7355769230769231 0.22596153846153852 0.7355769230769231
0 0.23317307692307698 0.7620192307692307 0.20192307692307698 0.7620192307692307 0.20192307692307698 0.8173076923076923 0.23317307692307698 0.8173076923076923
0 0.31971153846153855 0.5360576923076923 0.2836538461538462 0.5360576923076923 0.2836538461538462 0.7163461538461539 0.3197115384615386 0.7163461538461539
0 0.37500000000000006 0.5504807692307693 0.3389423076923077 0.5504807692307693 0.33894230769230776 0.7115384615384616 0.3750000000000001 0.7115384615384616
0 0.42307692307692324 0.5625 0.38461538461538475 0.5625 0.38461538461538475 0.6634615384615384 0.42307692307692324 0.6634615384615384
0 0.5264423076923077 0.35336538461538464 0.5024038461538461 0.35336538461538464 0.5024038461538463 0.65625 0.5264423076923078 0.65625
0 0.6009615384615385 0.591346153846154 0.5649038461538463 0.591346153846154 0.5649038461538463 0.7331730769230769 0.6009615384615385 0.7331730769230769
0 0.5961538461538463 0.5264423076923078 0.5769230769230769 0.5264423076923078 0.576923076923077 0.7932692307692307 0.5961538461538463 0.7932692307692307
0 0.7091346153846154 0.7331730769230769 0.6442307692307693 0.7331730769230769 0.6442307692307693 0.7884615384615384 0.7091346153846154 0.7884615384615384
0 0.7139423076923077 0.5961538461538463 0.6490384615384616 0.5961538461538463 0.6490384615384616 0.6778846153846154 0.7139423076923077 0.6778846153846154
0 0.8533653846153846 0.08173076923076933 0.7403846153846154 0.08173076923076933 0.7403846153846154 0.45913461538461553 0.8533653846153846 0.45913461538461553