0 0.451923076923077 0.5408653846153846 0.2524038461538462 0.5408653846153846 0.2524038461538462 0.65625 0.45192307692307704 0.65625
0 0.3533653846153847 0.295673076923077 0.26201923076923084 0.2956730769230769 0.26201923076923084 0.5865384615384616 0.35336538461538475 0.5865384615384616
0 0.35336538461538475 0.6225961538461539 0.27644230769230776 0.6225961538461539 0.27644230769230776 0.6875 0.35336538461538475 0.6875
0 0.34855769230769246 0.6899038461538461 0.2788461538461539 0.6899038461538461 0.2788461538461539 0.7379807692307693 0.34855769230769246 0.7379807692307693
0 0.4567307692307694 0.5961538461538461 0.34855769230769246 0.5961538461538461 0.34855769230769246 0.6778846153846154 0.4567307692307694 0.6778846153846154
0 0.4591346153846155 0.3485576923076923 0.35096153846153844 0.3485576923076923 0.35096153846153855 0.5673076923076923 0.45913461538461553 0.5673076923076923
0 0.4495192307692309 0.6610576923076923 0.35336538461538475 0.6610576923076923 0.35336538461538475 0.7283653846153846 0.4495192307692309 0.7283653846153846
0 0.8317307692307693 0.12019230769230776 0.3557692307692308 0.12019230769230772 0.3557692307692308 0.41346153846153855 0.8317307692307693 0.4134615384615386
0 0.8389423076923077 0.5048076923076924 0.45913461538461536 0.5048076923076923 0.4591346153846155 0.6634615384615384 0.8389423076923077 0.6634615384615384
0 0.8389423076923077 0.3173076923076924 0.46153846153846156 0.3173076923076923 0.46153846153846156 0.5096153846153847 0.8389423076923077 0.5096153846153848
0 0.7043269230769231 0.7403846153846154 0.512019230769231 0.7403846153846154 0.512019230769231 0.7836538461538461 0.7043269230769231 0.7836538461538461