0 0.12980769230769235 0.4014423076923077 0.01923076923076928 0.4014423076923077 0.019230769230769298 0.6634615384615384 0.12980769230769237 0.6634615384615384
0 0.14903846153846165 0.7884615384615384 0.1298076923076924 0.7884615384615384 0.1298076923076924 0.8173076923076923 0.14903846153846165 0.8173076923076923
0 0.25721153846153855 0.5408653846153846 0.1442307692307693 0.5408653846153846 0.14423076923076933 0.71875 0.25721153846153855 0.71875
0 0.2067307692307693 0.4230769230769231 0.15625000000000006 0.4230769230769231 0.15625000000000006 0.53125 0.2067307692307693 0.53125
0 0.21153846153846162 0.3293269230769231 0.15865384615384623 0.3293269230769231 0.15865384615384623 0.43028846153846156 0.21153846153846162 0.43028846153846156
0 0.3125 0.3293269230769231 0.24278846153846162 0.3293269230769231 0.24278846153846162 0.49278846153846156 0.3125 0.49278846153846156
0 0.3028846153846155 0.53125 0.25000000000000006 0.53125 0.25000000000000006 0.6682692307692307 0.3028846153846155 0.6682692307692307
0 0.36778846153846156 0.3942307692307692 0.3245192307692308 0.3942307692307692 0.3245192307692308 0.5432692307692307 0.36778846153846156 0.5432692307692307
0 0.39182692307692324 0.5817307692307693 0.3701923076923078 0.5817307692307693 0.3701923076923078 0.6802884615384616 0.39182692307692324 0.6802884615384616
0 0.3990384615384616 0.49759615384615385 0.37740384615384615 0.49759615384615385 0.3774038461538462 0.5673076923076923 0.3990384615384617 0.5673076923076923
0 0.45432692307692324 0.6610576923076923 0.44230769230769246 0.6610576923076923 0.44230769230769246 0.6778846153846154 0.45432692307692324 0.6778846153846154
0 0.4711538461538463 0.6346153846153846 0.45192307692307704 0.6346153846153846 0.45192307692307704 0.6875 0.4711538461538463 0.6875
0 0.5072115384615385 0.65625 0.4687500000000001 0.65625 0.4687500000000001 0.6826923076923077 0.5072115384615385 0.6826923076923077
0 0.5072115384615385 0.5192307692307693 0.47115384615384615 0.5192307692307693 0.4711538461538462 0.6105769230769231 0.5072115384615385 0.6105769230769231
0 0.5072115384615385 0.6129807692307693 0.4711538461538463 0.6129807692307693 0.4711538461538463 0.6490384615384616 0.5072115384615385 0.6490384615384616
0 0.5096153846153846 0.46153846153846156 0.4735576923076923 0.46153846153846156 0.4735576923076923 0.5192307692307693 0.5096153846153846 0.5192307692307693
0 0.5120192307692307 0.35096153846153844 0.4735576923076923 0.35096153846153844 0.4735576923076923 0.4110576923076923 0.5120192307692307 0.4110576923076923
0 0.5048076923076923 0.41586538461538464 0.47836538461538464 0.41586538461538464 0.47836538461538464 0.44711538461538464 0.5048076923076923 0.44711538461538464
0 0.5096153846153846 0.3125 0.4807692307692308 0.3125 0.4807692307692308 0.35096153846153844 0.5096153846153846 0.35096153846153844
0 0.5240384615384617 0.6081730769230769 0.5072115384615385 0.6081730769230769 0.5072115384615385 0.6802884615384616 0.5240384615384617 0.6802884615384616
0 0.5841346153846154 0.5576923076923078 0.5625 0.5576923076923078 0.5625000000000001 0.591346153846154 0.5841346153846155 0.591346153846154
0 0.5817307692307694 0.5865384615384617 0.5673076923076924 0.5865384615384617 0.5673076923076924 0.625 0.5817307692307694 0.625
0 0.6201923076923077 0.4375000000000001 0.5961538461538461 0.4375000000000001 0.5961538461538463 0.6466346153846154 0.6201923076923077 0.6466346153846154
0 0.6706730769230769 0.3701923076923078 0.6105769230769231 0.3701923076923078 0.6105769230769231 0.5096153846153848 0.6706730769230769 0.5096153846153848
0 0.6658653846153846 0.543269230769231 0.6201923076923077 0.543269230769231 0.6201923076923077 0.6225961538461539 0.6658653846153846 0.6225961538461539
0 0.6658653846153846 0.605769230769231 0.6225961538461539 0.605769230769231 0.6225961538461539 0.7019230769230769 0.6658653846153846 0.7019230769230769
0 0.6706730769230769 0.49038461538461553 0.6201923076923077 0.49038461538461553 0.6201923076923077 0.5552884615384617 0.6706730769230769 0.5552884615384617
0 0.8389423076923077 0.6418269230769231 0.6802884615384616 0.6418269230769231 0.6802884615384616 0.7379807692307693 0.8389423076923077 0.7379807692307693
0 0.90625 0.18509615384615394 0.75 0.1850961538461539 0.75 0.4879807692307694 0.90625 0.4879807692307694
0 1 0.3701923076923078 0.8052884615384616 0.3701923076923078 0.8052884615384616 0.7620192307692307 1 0.7620192307692307
0 1 1.168713411686296e-16 0.9086538461538461 1.1127800242252392e-16 0.9086538461538461 0.4182692307692309 1 0.4182692307692309