0 0.050480769230769273 0.23798076923076922 2.914423872970865e-17 0.23798076923076922 3.9153371222739897e-17 0.4014423076923077 0.05048076923076928 0.4014423076923077
0 0.06250000000000007 0.5384615384615384 6.594251995408825e-17 0.5384615384615384 6.87391893271411e-17 0.5841346153846154 0.06250000000000007 0.5841346153846154
0 0.06971153846153852 0.4110576923076923 0.009615384615384666 0.4110576923076923 0.009615384615384673 0.53125 0.06971153846153853 0.53125
0 0.2788461538461539 0.40384615384615385 0.1418269230769231 0.40384615384615385 0.14182692307692313 0.4639423076923077 0.2788461538461539 0.4639423076923077
0 0.295673076923077 0.6129807692307693 0.17067307692307698 0.6129807692307693 0.17067307692307698 0.6802884615384616 0.295673076923077 0.6802884615384616
0 0.326923076923077 0.21634615384615388 0.2668269230769231 0.21634615384615385 0.26682692307692313 0.5841346153846154 0.32692307692307704 0.5841346153846154
0 0.4735576923076923 0.34134615384615385 0.40384615384615385 0.34134615384615385 0.40384615384615385 0.44711538461538464 0.4735576923076923 0.44711538461538464
0 0.47596153846153855 0.4951923076923077 0.40384615384615385 0.4951923076923077 0.4038461538461539 0.6033653846153846 0.4759615384615386 0.6033653846153846
0 0.8677884615384616 9.229008931074404e-17 0.6394230769230769 7.830674244547979e-17 0.6394230769230769 0.3557692307692309 0.8677884615384616 0.3557692307692309
0 0.7427884615384616 0.3437500000000001 0.6514423076923077 0.3437500000000001 0.6514423076923077 0.5649038461538463 0.7427884615384616 0.5649038461538463
0 0.84375 0.48317307692307704 0.7692307692307693 0.48317307692307704 0.7692307692307693 0.6826923076923077 0.84375 0.6826923076923077
0 0.9975961538461539 0.3557692307692309 0.8605769230769231 0.3557692307692309 0.8605769230769231 0.5144230769230771 0.9975961538461539 0.5144230769230771