0 0.13221153846153857 0.7908653846153846 9.685307618256712e-17 0.7908653846153846 9.994413180541501e-17 0.8413461538461539 0.13221153846153857 0.8413461538461539
0 0.17067307692307698 0.6899038461538461 0.002403846153846238 0.6899038461538461 0.002403846153846243 0.7668269230769231 0.17067307692307698 0.7668269230769231
0 0.18990384615384615 0.09134615384615387 0.012019230769230782 0.09134615384615384 0.01201923076923079 0.23317307692307693 0.18990384615384615 0.23317307692307693
0 0.1971153846153847 0.5528846153846154 0.13701923076923084 0.5528846153846154 0.13701923076923087 0.7163461538461539 0.1971153846153847 0.7163461538461539
0 0.4014423076923078 0.6370192307692307 0.18990384615384623 0.6370192307692307 0.18990384615384623 0.7331730769230769 0.4014423076923078 0.7331730769230769
0 0.23317307692307698 0.7860576923076923 0.20432692307692316 0.7860576923076923 0.20432692307692316 0.8149038461538461 0.23317307692307698 0.8149038461538461
0 0.9447115384615384 0.03365384615384626 0.8100961538461539 0.033653846153846256 0.8100961538461539 0.09134615384615395 0.9447115384615384 0.09134615384615395
0 0.9158653846153846 0.8269230769230769 0.8197115384615384 0.8269230769230769 0.8197115384615384 0.8822115384615384 0.9158653846153846 0.8822115384615384
0 1 0.19711538461538475 0.8461538461538461 0.19711538461538475 0.8461538461538461 0.5889423076923078 1 0.5889423076923078
0 1 0.6466346153846154 0.9110576923076923 0.6466346153846154 0.9110576923076923 0.7067307692307693 1 0.7067307692307693
0 1 0.8245192307692307 0.9230769230769231 0.8245192307692307 0.9230769230769231 0.8725961538461539 1 0.8725961538461539