0 0.9038461538461539 0.14182692307692318 0.7740384615384616 0.14182692307692318 0.7740384615384616 0.46634615384615397 0.9038461538461539 0.46634615384615397
0 0.11057692307692313 0.22355769230769232 2.7377921230938423e-17 0.22355769230769232 4.5335482468435667e-17 0.5168269230769231 0.11057692307692314 0.5168269230769231
0 0.0504807692307693 0.5336538461538461 0.002403846153846219 0.5336538461538461 0.0024038461538462208 0.5600961538461539 0.0504807692307693 0.5600961538461539
0 0.055288461538461606 0.5120192307692307 0.002403846153846217 0.5120192307692307 0.0024038461538462186 0.5432692307692307 0.055288461538461606 0.5432692307692307
0 0.18269230769230774 0.11778846153846155 0.11538461538461539 0.11778846153846154 0.1153846153846154 0.35096153846153844 0.18269230769230776 0.35096153846153844
0 0.2596153846153847 0.3701923076923077 0.1274038461538462 0.3701923076923077 0.1274038461538462 0.5528846153846154 0.2596153846153847 0.5528846153846154
0 0.28605769230769235 0.1274038461538462 0.22115384615384615 0.1274038461538462 0.2211538461538462 0.34615384615384615 0.2860576923076924 0.34615384615384615
0 0.29807692307692313 0.35096153846153844 0.2548076923076924 0.35096153846153844 0.2548076923076924 0.5024038461538461 0.29807692307692313 0.5024038461538461
0 0.31971153846153844 0.3605769230769231 0.28125000000000006 0.3605769230769231 0.28125000000000006 0.5048076923076923 0.31971153846153844 0.5048076923076923
0 0.33413461538461536 0.37259615384615385 0.3052884615384616 0.37259615384615385 0.3052884615384616 0.49038461538461536 0.33413461538461536 0.49038461538461536
0 0.5024038461538461 0.14663461538461545 0.46153846153846156 0.14663461538461545 0.46153846153846156 0.2163461538461539 0.5024038461538461 0.2163461538461539
0 0.5 0.2163461538461539 0.4639423076923077 0.2163461538461539 0.4639423076923077 0.26201923076923084 0.5 0.26201923076923084
0 0.5 0.43028846153846156 0.4639423076923077 0.43028846153846156 0.4639423076923077 0.4831730769230769 0.5 0.4831730769230769
0 0.5 0.34134615384615385 0.4639423076923077 0.34134615384615385 0.4639423076923077 0.4326923076923077 0.5 0.4326923076923077
0 0.5024038461538461 0.2596153846153847 0.46875 0.2596153846153847 0.46875 0.3317307692307692 0.5024038461538461 0.3317307692307692
0 0.6225961538461539 0.4495192307692309 0.5865384615384616 0.4495192307692309 0.5865384615384616 0.5000000000000001 0.6225961538461539 0.5000000000000001
0 0.6274038461538461 0.4062500000000001 0.5889423076923077 0.4062500000000001 0.5889423076923077 0.45432692307692324 0.6274038461538461 0.45432692307692324
0 0.6225961538461539 0.3557692307692309 0.5913461538461539 0.3557692307692309 0.5913461538461539 0.40384615384615397 0.6225961538461539 0.40384615384615397
0 0.6875 0.22355769230769237 0.6370192307692307 0.22355769230769237 0.6370192307692307 0.4711538461538463 0.6875 0.4711538461538463
0 0.7716346153846154 0.1658653846153847 0.6802884615384616 0.1658653846153847 0.6802884615384616 0.32932692307692324 0.7716346153846154 0.32932692307692324
0 0.7692307692307693 0.3004807692307693 0.6850961538461539 0.3004807692307693 0.6850961538461539 0.5312500000000001 0.7692307692307693 0.5312500000000001
0 0.9975961538461539 1.1407467179557676e-16 0.8653846153846154 1.0597904992621326e-16 0.8653846153846154 0.3365384615384617 0.9975961538461539 0.3365384615384617