0 0.4086538461538462 0.5576923076923077 0.38221153846153844 0.5576923076923077 0.38221153846153855 0.6370192307692307 0.4086538461538463 0.6370192307692307
0 0.4495192307692309 0.5697115384615384 0.41105769230769246 0.5697115384615384 0.41105769230769246 0.6442307692307693 0.4495192307692309 0.6442307692307693
0 0.4807692307692309 0.5697115384615384 0.4302884615384617 0.5697115384615384 0.4302884615384617 0.6706730769230769 0.4807692307692309 0.6706730769230769
0 0.5024038461538461 0.44471153846153844 0.43509615384615385 0.44471153846153844 0.43509615384615385 0.4807692307692308 0.5024038461538461 0.4807692307692308
0 0.5216346153846155 0.5745192307692307 0.47355769230769246 0.5745192307692307 0.47355769230769246 0.6875 0.5216346153846155 0.6875
0 0.5480769230769232 0.5793269230769231 0.5144230769230771 0.5793269230769231 0.5144230769230771 0.6995192307692307 0.5480769230769232 0.6995192307692307
0 0.5793269230769232 0.6105769230769231 0.5504807692307694 0.6105769230769231 0.5504807692307694 0.7043269230769231 0.5793269230769232 0.7043269230769231
0 0.6370192307692307 0.44471153846153855 0.5528846153846154 0.44471153846153844 0.5528846153846154 0.483173076923077 0.6370192307692307 0.48317307692307704
0 0.6177884615384616 0.5937500000000001 0.5841346153846155 0.5937500000000001 0.5841346153846155 0.7163461538461539 0.6177884615384616 0.7163461538461539
0 0.7716346153846154 0.6105769230769232 0.6971153846153846 0.6105769230769232 0.6971153846153846 0.78125 0.7716346153846154 0.78125
0 0.9158653846153846 0.35336538461538475 0.7139423076923077 0.35336538461538475 0.7139423076923077 0.4711538461538463 0.9158653846153846 0.4711538461538463
0 0.8605769230769231 0.6298076923076923 0.7668269230769231 0.6298076923076923 0.7668269230769231 0.8076923076923077 0.8605769230769231 0.8076923076923077
0 0.96875 0.6370192307692307 0.8365384615384616 0.6370192307692307 0.8365384615384616 0.8509615384615384 0.96875 0.8509615384615384