0 0.14182692307692316 0.22115384615384615 0.05048076923076927 0.22115384615384615 0.0504807692307693 0.8004807692307693 0.14182692307692318 0.8004807692307693
0 0.13701923076923087 0.8798076923076923 0.05528846153846164 0.8798076923076923 0.05528846153846165 0.9663461538461539 0.13701923076923087 0.9663461538461539
0 0.2980769230769232 0.7692307692307693 0.11778846153846165 0.7692307692307693 0.11778846153846165 0.9567307692307693 0.29807692307692324 0.9567307692307693
0 0.3677884615384617 0.875 0.3245192307692309 0.875 0.3245192307692309 0.9350961538461539 0.3677884615384617 0.9350961538461539
0 0.4495192307692309 0.8125 0.3629807692307694 0.8125 0.3629807692307694 0.9495192307692307 0.4495192307692309 0.9495192307692307
0 0.5889423076923077 0.44471153846153855 0.5288461538461539 0.44471153846153844 0.528846153846154 0.560096153846154 0.5889423076923078 0.560096153846154
0 0.5817307692307693 0.076923076923077 0.53125 0.076923076923077 0.53125 0.31971153846153855 0.5817307692307693 0.3197115384615386
0 0.5865384615384616 0.358173076923077 0.53125 0.3581730769230769 0.53125 0.5408653846153847 0.5865384615384616 0.5408653846153848
0 0.5769230769230771 0.5673076923076924 0.5336538461538463 0.5673076923076923 0.5336538461538463 0.8605769230769231 0.5769230769230771 0.8605769230769231
0 0.7860576923076923 0.2836538461538462 0.6947115384615384 0.2836538461538462 0.6947115384615384 0.5961538461538463 0.7860576923076923 0.5961538461538463
0 0.7836538461538461 0.6298076923076923 0.7331730769230769 0.6298076923076923 0.7331730769230769 0.7668269230769231 0.7836538461538461 0.7668269230769231
0 0.7956730769230769 0.8485576923076923 0.7403846153846154 0.8485576923076923 0.7403846153846154 0.9302884615384616 0.7956730769230769 0.9302884615384616
0 0.7956730769230769 0.7524038461538461 0.7451923076923077 0.7524038461538461 0.7451923076923077 0.84375 0.7956730769230769 0.84375
0 0.90625 1.0406553930254553e-16 0.7932692307692307 9.714746243236215e-17 0.7932692307692307 0.18509615384615394 0.90625 0.185096153846154
0 0.9110576923076923 0.20192307692307704 0.7980769230769231 0.20192307692307698 0.7980769230769231 0.4615384615384617 0.9110576923076923 0.4615384615384617
0 0.9134615384615384 0.46634615384615397 0.8004807692307693 0.46634615384615397 0.8004807692307693 0.7067307692307693 0.9134615384615384 0.7067307692307693
0 0.8918269230769231 0.7379807692307693 0.8100961538461539 0.7379807692307693 0.8100961538461539 0.8509615384615384 0.8918269230769231 0.8509615384615384
0 0.9855769230769231 0.2764423076923078 0.9302884615384616 0.2764423076923078 0.9302884615384616 0.591346153846154 0.9855769230769231 0.591346153846154