0 0.09375000000000006 0.20192307692307693 2.4728444982783092e-17 0.20192307692307693 4.577706184312822e-17 0.5456730769230769 0.09375000000000007 0.5456730769230769
0 0.21153846153846162 0.5649038461538461 6.918076870183365e-17 0.5649038461538461 7.904270806996738e-17 0.7259615384615384 0.21153846153846162 0.7259615384615384
0 0.47836538461538464 3.5031963725609385e-17 0.09375 1.1481063742006437e-17 0.09375000000000001 0.24038461538461542 0.47836538461538464 0.24038461538461545
0 0.26682692307692313 0.23076923076923078 0.09855769230769235 0.23076923076923078 0.09855769230769236 0.5721153846153846 0.26682692307692313 0.5721153846153846
0 0.3052884615384616 0.5745192307692307 0.23557692307692316 0.5745192307692307 0.23557692307692316 0.6802884615384616 0.3052884615384616 0.6802884615384616
0 0.4158653846153847 0.25961538461538464 0.2692307692307692 0.25961538461538464 0.2692307692307693 0.5817307692307693 0.41586538461538475 0.5817307692307693
0 0.4014423076923078 0.5697115384615384 0.3317307692307694 0.5697115384615384 0.3317307692307694 0.6778846153846154 0.4014423076923078 0.6778846153846154
0 0.6586538461538461 0.2908653846153847 0.41586538461538464 0.2908653846153847 0.4158653846153847 0.5673076923076924 0.6586538461538461 0.5673076923076924
0 0.48557692307692324 0.5961538461538461 0.42307692307692324 0.5961538461538461 0.42307692307692324 0.6826923076923077 0.48557692307692324 0.6826923076923077
0 0.6033653846153847 0.5384615384615385 0.4495192307692308 0.5384615384615384 0.44951923076923084 0.6129807692307693 0.6033653846153848 0.6129807692307694
0 0.7596153846153846 0.0096153846153847 0.5841346153846154 0.009615384615384689 0.5841346153846154 0.35817307692307704 0.7596153846153846 0.35817307692307704
0 0.6466346153846154 0.6153846153846154 0.5961538461538463 0.6153846153846154 0.5961538461538463 0.6826923076923077 0.6466346153846154 0.6826923076923077
0 0.7115384615384616 0.5649038461538463 0.5961538461538463 0.5649038461538463 0.5961538461538463 0.6225961538461539 0.7115384615384616 0.6225961538461539
0 0.7572115384615384 0.3557692307692309 0.6610576923076923 0.3557692307692309 0.6610576923076923 0.6201923076923077 0.7572115384615384 0.6201923076923077
0 0.8725961538461539 0.4134615384615386 0.7668269230769231 0.4134615384615386 0.7668269230769231 0.5961538461538463 0.8725961538461539 0.5961538461538463
0 0.9254807692307693 0.26923076923076933 0.8197115384615384 0.2692307692307693 0.8197115384615384 0.42307692307692324 0.9254807692307693 0.42307692307692324
0 0.8870192307692307 0.6201923076923077 0.8365384615384616 0.6201923076923077 0.8365384615384616 0.65625 0.8870192307692307 0.65625
0 0.9831730769230769 0.39663461538461553 0.8725961538461539 0.39663461538461553 0.8725961538461539 0.5216346153846155 0.9831730769230769 0.5216346153846155
0 1 0.5312500000000001 0.8774038461538461 0.5312500000000001 0.8774038461538461 0.6514423076923077 1 0.6514423076923077
0 1 0.6610576923076923 0.9038461538461539 0.6610576923076923 0.9038461538461539 0.71875 1 0.71875