0 0.01682692307692314 0.46875 5.740531871003219e-17 0.46875 6.31458505810354e-17 0.5625 0.016826923076923146 0.5625
0 0.019230769230769242 0.03365384615384615 4.121407497130516e-18 0.03365384615384615 1.5455278114239434e-17 0.21875 0.019230769230769256 0.21875
0 0.0817307692307693 0.4831730769230769 0.05288461538461543 0.4831730769230769 0.05288461538461545 0.5817307692307693 0.0817307692307693 0.5817307692307693
0 0.19471153846153852 0.37259615384615385 0.12019230769230772 0.37259615384615385 0.12019230769230774 0.5721153846153846 0.19471153846153852 0.5721153846153846
0 0.26682692307692313 0.21153846153846154 0.1971153846153846 0.21153846153846154 0.19711538461538464 0.4182692307692308 0.26682692307692313 0.4182692307692308
0 0.27163461538461536 0.024038461538461568 0.1971153846153846 0.024038461538461564 0.1971153846153846 0.19951923076923078 0.27163461538461536 0.19951923076923078
0 0.7668269230769231 0.4471153846153847 0.2067307692307693 0.44711538461538464 0.2067307692307693 0.5817307692307693 0.7668269230769231 0.5817307692307694
0 0.3076923076923078 0.5673076923076923 0.2596153846153847 0.5673076923076923 0.2596153846153847 0.7932692307692307 0.3076923076923078 0.7932692307692307
0 0.4230769230769231 0.21394230769230776 0.28365384615384615 0.21394230769230776 0.2836538461538462 0.43990384615384615 0.4230769230769231 0.43990384615384615
0 0.8918269230769231 0.04567307692307699 0.3293269230769231 0.045673076923076955 0.3293269230769231 0.17307692307692318 0.8918269230769231 0.1730769230769232
0 0.8942307692307693 0.1923076923076924 0.7524038461538461 0.19230769230769237 0.7524038461538461 0.4447115384615386 0.8942307692307693 0.4447115384615386