0 0.34615384615384615 0.31009615384615385 0.09855769230769235 0.31009615384615385 0.09855769230769236 0.46634615384615385 0.34615384615384615 0.46634615384615385
0 0.29326923076923084 0.5096153846153846 0.1177884615384616 0.5096153846153846 0.1177884615384616 0.6899038461538461 0.29326923076923084 0.6899038461538461
0 0.33653846153846156 2.988020435419624e-17 0.15144230769230768 1.8546333737087322e-17 0.1514423076923077 0.17548076923076927 0.33653846153846156 0.1754807692307693
0 0.5312500000000001 0.5216346153846154 0.31490384615384615 0.5216346153846154 0.3149038461538462 0.6875 0.5312500000000001 0.6875
0 0.4855769230769231 0.06730769230769235 0.3485576923076923 0.06730769230769235 0.3485576923076923 0.28846153846153855 0.4855769230769231 0.28846153846153855
0 0.4807692307692308 0.31971153846153844 0.3629807692307692 0.31971153846153844 0.3629807692307692 0.49759615384615385 0.4807692307692308 0.49759615384615385
0 0.5168269230769231 0.3870192307692308 0.4735576923076923 0.3870192307692308 0.4735576923076923 0.5120192307692307 0.5168269230769231 0.5120192307692307
0 0.5649038461538461 0.17788461538461545 0.4951923076923077 0.17788461538461545 0.4951923076923077 0.3221153846153847 0.5649038461538461 0.32211538461538475
0 0.7836538461538461 0.2692307692307693 0.6394230769230769 0.2692307692307693 0.6394230769230769 0.6322115384615384 0.7836538461538461 0.6322115384615384
0 0.9975961538461539 1.1746011366821967e-16 0.9206730769230769 1.127499336714991e-16 0.9206730769230769 0.15625000000000014 0.9975961538461539 0.15625000000000014
0 0.9927884615384616 0.1466346153846155 0.9495192307692307 0.14663461538461547 0.9495192307692307 0.3942307692307694 0.9927884615384616 0.3942307692307694
0 1 0.4302884615384617 0.9711538461538461 0.4302884615384617 0.9711538461538461 0.5336538461538463 1 0.5336538461538463