0 0.08894230769230774 0.2692307692307692 0.04086538461538465 0.2692307692307692 0.04086538461538466 0.46153846153846156 0.08894230769230776 0.46153846153846156
0 0.17067307692307696 0.04326923076923079 0.09375 0.04326923076923079 0.09375000000000001 0.31971153846153844 0.17067307692307698 0.31971153846153844
0 0.16346153846153852 0.31009615384615385 0.10096153846153849 0.31009615384615385 0.10096153846153852 0.5769230769230769 0.16346153846153852 0.5769230769230769
0 0.3100961538461539 0.3028846153846154 0.17307692307692316 0.30288461538461536 0.17307692307692316 0.5697115384615384 0.31009615384615397 0.5697115384615384
0 0.36538461538461536 0.06009615384615388 0.17548076923076922 0.06009615384615386 0.17548076923076927 0.28125000000000006 0.36538461538461536 0.28125000000000006
0 0.4663461538461539 0.5120192307692307 0.31971153846153844 0.5120192307692307 0.31971153846153855 0.5649038461538461 0.46634615384615397 0.5649038461538461
0 0.36538461538461536 0.16105769230769237 0.3293269230769231 0.16105769230769237 0.3293269230769231 0.5072115384615384 0.36538461538461536 0.5072115384615384
0 0.40384615384615385 0.12259615384615388 0.36538461538461536 0.12259615384615388 0.36538461538461536 0.5096153846153846 0.40384615384615385 0.5096153846153846
0 0.5432692307692307 0.016826923076923135 0.41346153846153844 0.016826923076923128 0.41346153846153844 0.4951923076923077 0.5432692307692307 0.4951923076923077
0 0.5384615384615385 0.5697115384615384 0.4639423076923078 0.5697115384615384 0.4639423076923078 0.6129807692307693 0.5384615384615385 0.6129807692307693
0 0.6899038461538461 0.5697115384615385 0.5408653846153848 0.5697115384615384 0.5408653846153848 0.6129807692307693 0.6899038461538461 0.6129807692307694
0 0.9735576923076923 0.3317307692307694 0.8677884615384616 0.3317307692307694 0.8677884615384616 0.39663461538461553 0.9735576923076923 0.39663461538461553