0 0.06730769230769242 0.8100961538461539 9.920816618092741e-17 0.8100961538461539 1.0450711867723808e-16 0.8966346153846154 0.06730769230769242 0.8966346153846154
0 0.07451923076923087 0.7163461538461539 8.772710243892097e-17 0.7163461538461539 9.346763430992418e-17 0.8100961538461539 0.07451923076923087 0.8100961538461539
0 0.23317307692307704 0.8052884615384616 0.07211538461538472 0.8052884615384616 0.07211538461538472 0.8966346153846154 0.23317307692307707 0.8966346153846154
0 0.23317307692307698 0.7139423076923077 0.07451923076923085 0.7139423076923077 0.07451923076923087 0.8028846153846154 0.23317307692307698 0.8028846153846154
0 0.2740384615384616 0.3317307692307692 0.19471153846153852 0.3317307692307692 0.19471153846153852 0.5504807692307693 0.2740384615384616 0.5504807692307693
0 0.39663461538461553 0.7211538461538461 0.24278846153846162 0.7211538461538461 0.24278846153846162 0.8052884615384616 0.39663461538461553 0.8052884615384616
0 0.38942307692307704 0.8076923076923077 0.24519230769230776 0.8076923076923077 0.2451923076923078 0.8966346153846154 0.38942307692307704 0.8966346153846154
0 0.5072115384615384 0.3173076923076923 0.2860576923076924 0.3173076923076923 0.2860576923076924 0.3942307692307692 0.5072115384615384 0.3942307692307692
0 0.47836538461538475 0.6490384615384616 0.3990384615384617 0.6490384615384616 0.3990384615384617 0.7139423076923077 0.47836538461538475 0.7139423076923077
0 0.5504807692307694 0.7259615384615384 0.4014423076923078 0.7259615384615384 0.4014423076923078 0.8125 0.5504807692307694 0.8125
0 0.5504807692307694 0.8076923076923077 0.4014423076923078 0.8076923076923077 0.4014423076923078 0.9014423076923077 0.5504807692307694 0.9014423076923077
0 0.5600961538461539 0.389423076923077 0.44711538461538464 0.3894230769230769 0.44711538461538464 0.4711538461538462 0.5600961538461539 0.4711538461538463
0 0.8028846153846154 0.6442307692307693 0.47355769230769246 0.6442307692307693 0.47355769230769246 0.7259615384615384 0.8028846153846154 0.7259615384615384
0 0.7067307692307693 0.3413461538461539 0.5 0.34134615384615385 0.5 0.4086538461538462 0.7067307692307693 0.4086538461538463
0 0.6995192307692307 0.8125 0.5504807692307694 0.8125 0.5504807692307694 0.90625 0.6995192307692307 0.90625
0 0.6947115384615384 0.7307692307692307 0.5528846153846155 0.7307692307692307 0.5528846153846155 0.8197115384615384 0.6947115384615384 0.8197115384615384
0 0.7115384615384616 0.39663461538461553 0.5600961538461539 0.39663461538461553 0.5600961538461539 0.5504807692307694 0.7115384615384616 0.5504807692307694
0 0.8365384615384616 0.8125 0.6971153846153846 0.8125 0.6971153846153846 0.8990384615384616 0.8365384615384616 0.8990384615384616
0 0.8317307692307693 0.7331730769230769 0.6995192307692307 0.7331730769230769 0.6995192307692307 0.8125 0.8317307692307693 0.8125
0 0.78125 0.4711538461538463 0.7115384615384616 0.4711538461538463 0.7115384615384616 0.5769230769230771 0.78125 0.5769230769230771
0 0.7788461538461539 0.3750000000000001 0.7163461538461539 0.3750000000000001 0.7163461538461539 0.47836538461538475 0.7788461538461539 0.47836538461538475
0 0.875 0.6586538461538461 0.8052884615384616 0.6586538461538461 0.8052884615384616 0.7235576923076923 0.875 0.7235576923076923
0 0.9639423076923077 0.7379807692307693 0.8293269230769231 0.7379807692307693 0.8293269230769231 0.8317307692307693 0.9639423076923077 0.8317307692307693
0 0.9663461538461539 0.8245192307692307 0.8317307692307693 0.8245192307692307 0.8317307692307693 0.8990384615384616 0.9663461538461539 0.8990384615384616
0 1 0.7379807692307693 0.9663461538461539 0.7379807692307693 0.9663461538461539 0.8245192307692307 1 0.8245192307692307
0 1 0.8100961538461539 0.9663461538461539 0.8100961538461539 0.9663461538461539 0.8870192307692307 1 0.8870192307692307