0 0.07451923076923087 0.7379807692307693 9.03765786870763e-17 0.7379807692307693 1.0642062930090582e-16 1 0.0745192307692309 1
0 0.13221153846153855 0.4519230769230769 5.534461496146692e-17 0.4519230769230769 7.28605968242716e-17 0.7379807692307693 0.13221153846153857 0.7379807692307693
0 0.15144230769230774 0.12019230769230771 1.4719312489751842e-17 0.1201923076923077 3.6651088099482084e-17 0.47836538461538464 0.15144230769230776 0.47836538461538464
0 0.17548076923076933 0.46875 0.12500000000000006 0.46875 0.12500000000000008 0.8389423076923077 0.17548076923076936 0.8389423076923077
0 0.1947115384615385 2.1048616860345134e-17 0.14903846153846154 1.8251947487292284e-17 0.14903846153846156 0.4735576923076923 0.19471153846153852 0.4735576923076923
0 0.31250000000000006 0.40865384615384615 0.21394230769230776 0.40865384615384615 0.21394230769230776 0.6418269230769231 0.3125000000000001 0.6418269230769231
0 0.5096153846153848 0.6610576923076923 0.4879807692307694 0.6610576923076923 0.4879807692307694 0.7043269230769231 0.5096153846153848 0.7043269230769231
0 0.5216346153846155 0.7043269230769231 0.5024038461538463 0.7043269230769231 0.5024038461538463 0.75 0.5216346153846155 0.75
0 0.5697115384615385 0.6129807692307693 0.543269230769231 0.6129807692307693 0.543269230769231 0.6610576923076923 0.5697115384615385 0.6610576923076923
0 0.6418269230769231 0.5817307692307694 0.6105769230769232 0.5817307692307694 0.6105769230769232 0.6418269230769231 0.6418269230769231 0.6418269230769231
0 0.6466346153846154 0.6442307692307693 0.6105769230769232 0.6442307692307693 0.6105769230769232 0.7139423076923077 0.6466346153846154 0.7139423076923077
0 0.7692307692307693 0.6274038461538461 0.7259615384615384 0.6274038461538461 0.7259615384615384 0.6971153846153846 0.7692307692307693 0.6971153846153846
0 0.75 0.5312500000000001 0.7331730769230769 0.5312500000000001 0.7331730769230769 0.5961538461538463 0.75 0.5961538461538463
0 0.9975961538461539 0.5384615384615385 0.9711538461538461 0.5384615384615385 0.9711538461538461 0.6490384615384616 0.9975961538461539 0.6490384615384616
0 0.9975961538461539 0.42067307692307704 0.9759615384615384 0.42067307692307704 0.9759615384615384 0.5312500000000001 0.9975961538461539 0.5312500000000001