0 0.8197115384615384 0.24519230769230776 0.6538461538461539 0.24519230769230776 0.6538461538461539 0.6538461538461539 0.8197115384615384 0.6538461538461539
0 0.05769230769230772 3.532634997540444e-18 0 0 3.238248747745405e-17 0.5288461538461539 0.05769230769230776 0.5288461538461539
0 0.108173076923077 0.5264423076923077 6.447058870511307e-17 0.5264423076923077 7.153585870019394e-17 0.6418269230769231 0.108173076923077 0.6418269230769231
0 0.2836538461538462 1.957668561136995e-17 0.036057692307692304 4.415793746925553e-18 0.03605769230769234 0.5913461538461539 0.2836538461538462 0.5913461538461539
0 0.12019230769230779 0.7211538461538461 0.050480769230769315 0.7211538461538461 0.05048076923076932 0.7764423076923077 0.12019230769230779 0.7764423076923077
0 0.36057692307692313 0.5456730769230769 0.2740384615384616 0.5456730769230769 0.2740384615384616 0.6177884615384616 0.36057692307692324 0.6177884615384616
0 0.35336538461538475 0.6081730769230769 0.28125000000000006 0.6081730769230769 0.28125000000000006 0.6586538461538461 0.35336538461538475 0.6586538461538461
0 0.4399038461538463 0.5673076923076923 0.41105769230769246 0.5673076923076923 0.41105769230769246 0.6826923076923077 0.4399038461538463 0.6826923076923077
0 0.9014423076923077 0.21634615384615394 0.8125 0.2163461538461539 0.8125 0.4927884615384617 0.9014423076923077 0.4927884615384617
0 1 0.4711538461538463 0.84375 0.4711538461538463 0.84375 0.7451923076923077 1 0.7451923076923077
0 1 0.2043269230769232 0.9326923076923077 0.2043269230769232 0.9326923076923077 0.42307692307692324 1 0.42307692307692324