0 0.8052884615384616 0.02644230769230776 0.2692307692307692 0.026442307692307727 0.2692307692307693 0.5312500000000001 0.8052884615384616 0.5312500000000001
0 0.2524038461538462 0.6850961538461539 0.007211538461538545 0.6850961538461539 0.007211538461538548 0.7307692307692307 0.2524038461538462 0.7307692307692307
0 0.2692307692307693 0.5625 0.06730769230769237 0.5625 0.06730769230769237 0.6081730769230769 0.2692307692307693 0.6081730769230769
0 0.4158653846153847 0.4567307692307692 0.27644230769230776 0.4567307692307692 0.27644230769230776 0.65625 0.41586538461538475 0.65625
0 0.5264423076923078 0.6490384615384616 0.3990384615384617 0.6490384615384616 0.3990384615384617 0.6875 0.5264423076923078 0.6875
0 0.5216346153846154 0.46153846153846156 0.40384615384615385 0.46153846153846156 0.4038461538461539 0.6514423076923077 0.5216346153846155 0.6514423076923077
0 0.5168269230769232 0.6875 0.4062500000000001 0.6875 0.4062500000000001 0.7259615384615384 0.5168269230769232 0.7259615384615384
0 0.6298076923076923 0.65625 0.512019230769231 0.65625 0.512019230769231 0.6995192307692307 0.6298076923076923 0.6995192307692307
0 0.6682692307692307 0.4471153846153847 0.5120192307692307 0.44711538461538464 0.5120192307692308 0.6490384615384616 0.6682692307692307 0.6490384615384616
0 0.7644230769230769 0.6370192307692307 0.6322115384615384 0.6370192307692307 0.6322115384615384 0.7211538461538461 0.7644230769230769 0.7211538461538461
0 0.7764423076923077 0.4615384615384617 0.65625 0.4615384615384617 0.65625 0.6514423076923077 0.7764423076923077 0.6514423076923077
0 0.8701923076923077 0.5697115384615385 0.7884615384615384 0.5697115384615385 0.7884615384615384 0.6177884615384616 0.8701923076923077 0.6177884615384616
0 0.9975961538461539 0.5408653846153848 0.8653846153846154 0.5408653846153848 0.8653846153846154 0.6490384615384616 0.9975961538461539 0.6490384615384616