0 0.9471153846153846 0.08413461538461543 0.04326923076923079 0.08413461538461539 0.04326923076923083 0.8966346153846154 0.9471153846153846 0.8966346153846154
0 0.2692307692307693 0.11778846153846155 0.009615384615384628 0.11778846153846154 0.009615384615384649 0.44471153846153844 0.2692307692307693 0.44471153846153844
0 0.24759615384615394 0.6682692307692307 0.11057692307692314 0.6682692307692307 0.11057692307692316 0.9230769230769231 0.247596153846154 0.9230769230769231
0 0.2524038461538462 0.3004807692307692 0.11057692307692311 0.3004807692307692 0.11057692307692313 0.5264423076923077 0.2524038461538462 0.5264423076923077
0 0.4663461538461539 0.1634615384615385 0.18028846153846154 0.16346153846153846 0.18028846153846156 0.6706730769230769 0.46634615384615397 0.6706730769230769
0 0.4086538461538463 0.7740384615384616 0.2475961538461539 0.7740384615384616 0.24759615384615394 0.9350961538461539 0.4086538461538463 0.9350961538461539
0 0.5985576923076924 0.1346153846153847 0.4375 0.1346153846153847 0.43750000000000006 0.6826923076923077 0.5985576923076924 0.6826923076923077
0 0.8846153846153846 0.1346153846153847 0.5817307692307693 0.1346153846153847 0.5817307692307693 0.6634615384615384 0.8846153846153846 0.6634615384615384
0 0.8004807692307693 0.78125 0.6274038461538461 0.78125 0.6274038461538461 0.9326923076923077 0.8004807692307693 0.9326923076923077
0 0.9230769230769231 0.6610576923076923 0.7908653846153846 0.6610576923076923 0.7908653846153846 0.90625 0.9230769230769231 0.90625
0 0.9975961538461539 0.2596153846153847 0.8052884615384616 0.2596153846153847 0.8052884615384616 0.5216346153846155 0.9975961538461539 0.5216346153846155
0 1 0.7980769230769231 0.9615384615384616 0.7980769230769231 0.9615384615384616 0.9326923076923077 1 0.9326923076923077