0 0.18750000000000006 0.5096153846153846 6.240988495654781e-17 0.5096153846153846 7.580445932222198e-17 0.7283653846153846 0.18750000000000006 0.7283653846153846
0 0.34375 2.1048616860345134e-17 0 0 3.267687372724909e-17 0.5336538461538461 0.34375 0.5336538461538461
0 0.30769230769230776 0.5120192307692307 0.19230769230769237 0.5120192307692307 0.19230769230769237 0.7475961538461539 0.3076923076923078 0.7475961538461539
0 0.3701923076923078 0.6033653846153846 0.295673076923077 0.6033653846153846 0.295673076923077 0.7764423076923077 0.3701923076923078 0.7764423076923077
0 0.37259615384615397 0.65625 0.3461538461538463 0.65625 0.3461538461538463 0.7764423076923077 0.37259615384615397 0.7764423076923077
0 0.39182692307692324 0.6658653846153846 0.3629807692307694 0.6658653846153846 0.3629807692307694 0.7548076923076923 0.39182692307692324 0.7548076923076923
0 0.45432692307692324 0.6995192307692307 0.41586538461538475 0.6995192307692307 0.41586538461538475 0.7884615384615384 0.45432692307692324 0.7884615384615384
0 0.5841346153846155 0.5985576923076924 0.5504807692307694 0.5985576923076923 0.5504807692307694 0.6298076923076923 0.5841346153846155 0.6298076923076923
0 0.5841346153846155 0.6826923076923077 0.5552884615384617 0.6826923076923077 0.5552884615384617 0.7307692307692307 0.5841346153846155 0.7307692307692307
0 0.5817307692307694 0.7259615384615384 0.5552884615384617 0.7259615384615384 0.5552884615384617 0.7788461538461539 0.5817307692307694 0.7788461538461539
0 0.5793269230769232 0.6346153846153846 0.5552884615384617 0.6346153846153846 0.5552884615384617 0.6802884615384616 0.5793269230769232 0.6802884615384616
0 0.6201923076923077 0.6610576923076923 0.5865384615384617 0.6610576923076923 0.5865384615384617 0.7908653846153846 0.6201923076923077 0.7908653846153846
0 0.6875 0.37980769230769246 0.6153846153846154 0.37980769230769246 0.6153846153846154 0.7572115384615384 0.6875 0.7572115384615384
0 1 1.0215202867887779e-16 0.6682692307692307 8.183937744302025e-17 0.6682692307692307 0.5889423076923078 1 0.5889423076923078