0 0.16105769230769235 0.20432692307692307 0.007211538461538487 0.20432692307692307 0.0072115384615385105 0.5865384615384616 0.16105769230769237 0.5865384615384616
0 0.13701923076923087 0.6490384615384616 0.0408653846153847 0.6490384615384616 0.0408653846153847 0.7163461538461539 0.13701923076923087 0.7163461538461539
0 0.26682692307692313 0.5913461538461539 0.2475961538461539 0.5913461538461539 0.2475961538461539 0.65625 0.26682692307692313 0.65625
0 0.4903846153846155 0.5168269230769231 0.43028846153846156 0.5168269230769231 0.4302884615384616 0.6153846153846154 0.49038461538461553 0.6153846153846154
0 0.5528846153846155 0.5673076923076923 0.5240384615384617 0.5673076923076923 0.5240384615384617 0.6899038461538461 0.5528846153846155 0.6899038461538461
0 0.6706730769230769 0.08894230769230776 0.5793269230769231 0.08894230769230776 0.5793269230769231 0.34855769230769246 0.6706730769230769 0.34855769230769246
0 0.6730769230769231 0.2908653846153847 0.5913461538461539 0.2908653846153847 0.5913461538461539 0.4927884615384617 0.6730769230769231 0.4927884615384617
0 0.7019230769230769 0.44230769230769246 0.6009615384615384 0.44230769230769246 0.6009615384615385 0.7427884615384616 0.7019230769230769 0.7427884615384616
0 0.8269230769230769 9.022938556217878e-17 0.6466346153846154 7.91899011948649e-17 0.6466346153846154 0.24038461538461545 0.8269230769230769 0.24038461538461545
0 0.8533653846153846 0.3052884615384616 0.7403846153846154 0.3052884615384616 0.7403846153846154 0.574519230769231 0.8533653846153846 0.574519230769231
0 0.9639423076923077 1.0862852617436859e-16 0.8100961538461539 9.920816618092741e-17 0.8100961538461539 0.15384615384615394 0.9639423076923077 0.153846153846154