0 0.9735576923076923 0.036057692307692416 0.7860576923076923 0.0360576923076924 0.7860576923076923 0.25240384615384626 0.9735576923076923 0.2524038461538463
0 0.03125000000000005 0.3798076923076923 4.6513027467615824e-17 0.3798076923076923 5.210636621372152e-17 0.47115384615384615 0.03125000000000006 0.47115384615384615
0 0.05769230769230775 0.46875 5.740531871003219e-17 0.46875 6.285146433124037e-17 0.5576923076923077 0.05769230769230776 0.5576923076923077
0 0.0721153846153847 0.7572115384615384 9.27316686854366e-17 0.7572115384615384 1.0068009742990261e-16 0.8870192307692307 0.07211538461538472 0.8870192307692307
0 0.07932692307692314 0.5913461538461539 7.241901744957906e-17 0.5913461538461539 7.889551494506988e-17 0.6971153846153846 0.07932692307692314 0.6971153846153846
0 0.1971153846153847 0.37259615384615385 0.08653846153846158 0.37259615384615385 0.08653846153846159 0.4879807692307692 0.1971153846153847 0.4879807692307692
0 0.1538461538461539 0.5769230769230769 0.09134615384615391 0.5769230769230769 0.09134615384615391 0.6682692307692307 0.1538461538461539 0.6682692307692307
0 0.2067307692307693 0.6586538461538461 0.09375000000000007 0.6586538461538461 0.09375000000000008 0.7067307692307693 0.2067307692307693 0.7067307692307693
0 0.25721153846153855 0.4951923076923077 0.19951923076923084 0.4951923076923077 0.19951923076923084 0.6105769230769231 0.25721153846153855 0.6105769230769231
0 0.3245192307692309 0.5817307692307693 0.2596153846153847 0.5817307692307693 0.2596153846153847 0.6370192307692307 0.3245192307692309 0.6370192307692307
0 0.3317307692307693 0.5 0.26682692307692313 0.5 0.26682692307692313 0.5841346153846154 0.3317307692307694 0.5841346153846154
0 0.38942307692307704 0.6033653846153846 0.33413461538461553 0.6033653846153846 0.33413461538461553 0.6610576923076923 0.38942307692307704 0.6610576923076923
0 0.528846153846154 0.5913461538461539 0.4567307692307694 0.5913461538461539 0.4567307692307694 0.6730769230769231 0.528846153846154 0.6730769230769231
0 0.605769230769231 0.5673076923076924 0.560096153846154 0.5673076923076924 0.560096153846154 0.6995192307692307 0.605769230769231 0.6995192307692307
0 0.6778846153846154 0.5697115384615385 0.6322115384615384 0.5697115384615385 0.6322115384615384 0.6346153846153846 0.6778846153846154 0.6346153846153846
0 0.7716346153846154 0.543269230769231 0.75 0.543269230769231 0.75 0.5793269230769232 0.7716346153846154 0.5793269230769232
0 0.9711538461538461 0.3028846153846155 0.78125 0.3028846153846155 0.78125 0.4879807692307694 0.9711538461538461 0.4879807692307694
0 1 0.4567307692307694 0.9423076923076923 0.4567307692307694 0.9423076923076923 0.543269230769231 1 0.543269230769231
0 1 0.24038461538461553 0.9903846153846154 0.24038461538461553 0.9903846153846154 0.37980769230769246 1 0.37980769230769246