0 0.11778846153846162 0.4879807692307692 0.07932692307692314 0.4879807692307692 0.07932692307692316 0.7019230769230769 0.11778846153846165 0.7019230769230769
0 0.28846153846153855 0.4735576923076923 0.19230769230769237 0.4735576923076923 0.19230769230769237 0.6826923076923077 0.28846153846153855 0.6826923076923077
0 0.41586538461538464 4.180284747089523e-17 0.2668269230769231 3.267687372724909e-17 0.26682692307692313 0.38461538461538464 0.41586538461538464 0.38461538461538464
0 0.49519230769230776 0.375 0.2908653846153847 0.375 0.2908653846153847 0.6634615384615384 0.4951923076923078 0.6634615384615384
0 0.5336538461538461 0.20432692307692316 0.41346153846153844 0.20432692307692316 0.41346153846153844 0.4375 0.5336538461538461 0.4375
0 0.6105769230769232 0.6899038461538461 0.49038461538461553 0.6899038461538461 0.49038461538461553 0.7884615384615384 0.6105769230769232 0.7884615384615384
0 0.6730769230769231 0.4423076923076924 0.4951923076923077 0.4423076923076923 0.49519230769230776 0.6995192307692307 0.6730769230769231 0.6995192307692307
0 0.6514423076923077 0.37019230769230776 0.53125 0.3701923076923077 0.53125 0.5192307692307693 0.6514423076923077 0.5192307692307694
0 0.6490384615384616 0.03605769230769238 0.53125 0.036057692307692374 0.53125 0.40625000000000006 0.6490384615384616 0.4062500000000001
0 0.6802884615384616 0.7019230769230769 0.6105769230769232 0.7019230769230769 0.6105769230769232 0.7836538461538461 0.6802884615384616 0.7836538461538461
0 0.7091346153846154 0.3870192307692309 0.6538461538461539 0.3870192307692309 0.6538461538461539 0.5480769230769232 0.7091346153846154 0.5480769230769232
0 0.7596153846153846 0.5889423076923078 0.6826923076923077 0.5889423076923078 0.6826923076923077 0.7908653846153846 0.7596153846153846 0.7908653846153846
0 0.8197115384615384 0.3245192307692309 0.7139423076923077 0.3245192307692309 0.7139423076923077 0.4807692307692309 0.8197115384615384 0.4807692307692309