0 0.1033653846153847 0.5264423076923077 0.014423076923076986 0.5264423076923077 0.014423076923076998 0.7067307692307693 0.10336538461538472 0.7067307692307693
0 0.14663461538461542 1.1039484367313885e-17 0.03365384615384615 4.121407497130516e-18 0.03365384615384619 0.4639423076923077 0.14663461538461545 0.4639423076923077
0 0.1730769230769231 0.026442307692307706 0.0985576923076923 0.026442307692307702 0.09855769230769235 0.6538461538461539 0.17307692307692316 0.6538461538461539
0 0.2740384615384616 0.65625 0.13701923076923084 0.65625 0.13701923076923087 0.7692307692307693 0.2740384615384616 0.7692307692307693
0 0.3149038461538462 0.007211538461538496 0.24519230769230768 0.007211538461538491 0.24519230769230774 0.6947115384615384 0.3149038461538463 0.6947115384615384
0 0.4254807692307692 0.026442307692307734 0.30528846153846156 0.026442307692307727 0.30528846153846156 0.19471153846153852 0.4254807692307692 0.19471153846153852
0 0.36057692307692313 0.1971153846153847 0.31971153846153844 0.1971153846153847 0.31971153846153855 0.7235576923076923 0.36057692307692324 0.7235576923076923
0 0.5192307692307694 0.59375 0.4182692307692309 0.59375 0.4182692307692309 0.6682692307692307 0.5192307692307694 0.6682692307692307
0 0.5120192307692307 0.014423076923076981 0.4206730769230769 0.014423076923076974 0.4206730769230769 0.3269230769230769 0.5120192307692307 0.3269230769230769
0 0.543269230769231 0.7764423076923077 0.45192307692307704 0.7764423076923077 0.45192307692307704 0.8413461538461539 0.543269230769231 0.8413461538461539
0 0.5961538461538463 0.7283653846153846 0.5528846153846155 0.7283653846153846 0.5528846153846155 0.8076923076923077 0.5961538461538463 0.8076923076923077
0 0.6201923076923077 0.48557692307692324 0.5985576923076923 0.48557692307692324 0.5985576923076924 0.5769230769230771 0.6201923076923077 0.5769230769230771
0 0.7716346153846154 0.3004807692307693 0.6153846153846154 0.3004807692307693 0.6153846153846154 0.39182692307692324 0.7716346153846154 0.39182692307692324
0 0.6754807692307693 0.6826923076923077 0.6225961538461539 0.6826923076923077 0.6225961538461539 0.7115384615384616 0.6754807692307693 0.7115384615384616
0 0.65625 0.4086538461538463 0.6394230769230769 0.4086538461538463 0.6394230769230769 0.6009615384615385 0.65625 0.6009615384615385
0 0.7067307692307693 0.4062500000000001 0.6586538461538461 0.4062500000000001 0.6586538461538461 0.6081730769230771 0.7067307692307693 0.6081730769230771
0 0.7331730769230769 0.44230769230769246 0.6730769230769231 0.44230769230769246 0.6730769230769231 0.6009615384615385 0.7331730769230769 0.6009615384615385
0 0.7307692307692307 0.5985576923076924 0.6730769230769231 0.5985576923076924 0.6730769230769231 0.71875 0.7307692307692307 0.71875
0 0.7379807692307693 0.8149038461538461 0.6850961538461539 0.8149038461538461 0.6850961538461539 0.8629807692307693 0.7379807692307693 0.8629807692307693
0 0.7884615384615384 9.125973743646141e-17 0.7019230769230769 8.596078494015075e-17 0.7019230769230769 0.7908653846153846 0.7884615384615384 0.7908653846153846
0 0.8629807692307693 0.23557692307692318 0.7788461538461539 0.23557692307692316 0.7788461538461539 0.6225961538461539 0.8629807692307693 0.6225961538461539
0 0.9975961538461539 0.5889423076923078 0.9014423076923077 0.5889423076923078 0.9014423076923077 0.7043269230769231 0.9975961538461539 0.7043269230769231