0 0.33894230769230776 0.5504807692307693 0.2475961538461539 0.5504807692307693 0.2475961538461539 0.6322115384615384 0.3389423076923078 0.6322115384615384
0 0.3437500000000001 0.6538461538461539 0.2716346153846155 0.6538461538461539 0.2716346153846155 0.6923076923076923 0.3437500000000001 0.6923076923076923
0 0.4110576923076923 0.3028846153846155 0.2836538461538462 0.3028846153846155 0.2836538461538462 0.5 0.4110576923076923 0.5
0 0.4134615384615386 0.6177884615384616 0.3365384615384617 0.6177884615384616 0.3365384615384617 0.6658653846153846 0.4134615384615386 0.6658653846153846
0 0.3942307692307694 0.6610576923076923 0.3389423076923078 0.6610576923076923 0.3389423076923078 0.6947115384615384 0.3942307692307694 0.6947115384615384
0 0.4038461538461539 0.5336538461538461 0.3581730769230769 0.5336538461538461 0.358173076923077 0.6346153846153846 0.40384615384615397 0.6346153846153846
0 0.4711538461538463 0.6081730769230769 0.39182692307692324 0.6081730769230769 0.39182692307692324 0.6538461538461539 0.4711538461538463 0.6538461538461539
0 0.5000000000000001 0.6153846153846154 0.4687500000000001 0.6153846153846154 0.4687500000000001 0.6754807692307693 0.5000000000000001 0.6754807692307693
0 0.65625 0.4471153846153847 0.5 0.44711538461538464 0.5 0.5432692307692308 0.65625 0.543269230769231
0 0.8942307692307693 0.05769230769230778 0.5456730769230769 0.05769230769230776 0.5456730769230769 0.24278846153846165 0.8942307692307693 0.24278846153846168
0 0.7355769230769231 0.27644230769230776 0.6225961538461539 0.27644230769230776 0.6225961538461539 0.42067307692307704 0.7355769230769231 0.42067307692307704
0 0.7283653846153846 0.45432692307692324 0.6610576923076923 0.45432692307692324 0.6610576923076923 0.5360576923076924 0.7283653846153846 0.5360576923076924
0 0.875 0.4759615384615386 0.7235576923076923 0.4759615384615386 0.7235576923076923 0.6442307692307693 0.875 0.6442307692307693
0 1 0.27163461538461553 0.8605769230769231 0.27163461538461553 0.8605769230769231 0.5048076923076924 1 0.5048076923076924
0 1 0.45192307692307704 0.8725961538461539 0.45192307692307704 0.8725961538461539 0.6081730769230771 1 0.6081730769230771