0 0.07932692307692318 0.7235576923076923 0.004807692307692397 0.7235576923076923 0.004807692307692411 0.9543269230769231 0.07932692307692318 0.9543269230769231
0 0.20673076923076933 0.5 0.13221153846153852 0.5 0.13221153846153855 0.8557692307692307 0.20673076923076936 0.8557692307692307
0 0.21153846153846162 0.3245192307692308 0.13461538461538464 0.3245192307692308 0.13461538461538466 0.5480769230769231 0.21153846153846162 0.5480769230769231
0 0.33413461538461536 0.27403846153846156 0.2644230769230769 0.27403846153846156 0.264423076923077 0.45913461538461536 0.33413461538461536 0.45913461538461536
0 0.37259615384615397 0.6634615384615384 0.32692307692307704 0.6634615384615384 0.32692307692307704 0.9807692307692307 0.37259615384615397 0.9807692307692307
0 0.5000000000000001 0.59375 0.43509615384615397 0.59375 0.43509615384615397 0.6658653846153846 0.5000000000000001 0.6658653846153846
0 0.5000000000000001 0.8798076923076923 0.44230769230769246 0.8798076923076923 0.44230769230769246 0.9975961538461539 0.5000000000000001 0.9975961538461539
0 0.4951923076923078 0.6826923076923077 0.4447115384615386 0.6826923076923077 0.4447115384615386 0.7427884615384616 0.4951923076923078 0.7427884615384616
0 0.5048076923076924 0.7668269230769231 0.45432692307692324 0.7668269230769231 0.45432692307692324 0.84375 0.5048076923076924 0.84375
0 1 0.24278846153846165 0.6899038461538461 0.24278846153846162 0.6899038461538461 0.5336538461538463 1 0.5336538461538463
0 0.96875 0.8293269230769231 0.90625 0.8293269230769231 0.90625 0.90625 0.96875 0.90625