0 0.06009615384615393 0.6610576923076923 8.095621869363514e-17 0.6610576923076923 8.463604681607309e-17 0.7211538461538461 0.06009615384615393 0.7211538461538461
0 0.07692307692307702 0.8533653846153846 1.0450711867723808e-16 0.8533653846153846 1.0759817430008596e-16 0.9038461538461539 0.07692307692307702 0.9038461538461539
0 0.040865384615384644 0.04326923076923077 0.002403846153846159 0.04326923076923077 0.002403846153846181 0.4014423076923077 0.040865384615384664 0.4014423076923077
0 0.10096153846153852 0.3581730769230769 0.019230769230769273 0.3581730769230769 0.01923076923076929 0.6394230769230769 0.10096153846153853 0.6394230769230769
0 0.10096153846153849 0.18509615384615385 0.048076923076923093 0.18509615384615385 0.0480769230769231 0.3125 0.10096153846153849 0.3125
0 0.3725961538461539 0.47115384615384615 0.3076923076923077 0.47115384615384615 0.30769230769230776 0.6153846153846154 0.37259615384615397 0.6153846153846154
0 0.3750000000000001 0.6706730769230769 0.33413461538461553 0.6706730769230769 0.33413461538461553 0.7980769230769231 0.3750000000000001 0.7980769230769231
0 0.5048076923076923 0.36778846153846156 0.35336538461538464 0.36778846153846156 0.35336538461538464 0.5120192307692307 0.5048076923076923 0.5120192307692307
0 0.39663461538461536 4.651302746761581e-17 0.3629807692307692 4.445232371905056e-17 0.3629807692307692 0.2067307692307693 0.39663461538461536 0.2067307692307693
0 0.4759615384615386 0.7572115384615384 0.41586538461538475 0.7572115384615384 0.41586538461538475 0.9110576923076923 0.4759615384615386 0.9110576923076923
0 0.6466346153846154 0.90625 0.48317307692307704 0.90625 0.48317307692307704 1 0.6466346153846154 1
0 0.5336538461538463 0.6610576923076923 0.48557692307692324 0.6610576923076923 0.48557692307692324 0.8677884615384616 0.5336538461538463 0.8677884615384616
0 0.6730769230769231 0.545673076923077 0.5072115384615384 0.5456730769230769 0.5072115384615385 0.8461538461538461 0.6730769230769231 0.8461538461538461
0 0.7307692307692307 0.8966346153846154 0.6346153846153846 0.8966346153846154 0.6346153846153846 0.9975961538461539 0.7307692307692307 0.9975961538461539
0 0.8245192307692307 0.6418269230769231 0.75 0.6418269230769231 0.75 0.8173076923076923 0.8245192307692307 0.8173076923076923
0 0.9615384615384616 0.17548076923076933 0.8149038461538461 0.1754807692307693 0.8149038461538461 0.6875 0.9615384615384616 0.6875
0 0.9615384615384616 0.6514423076923077 0.8197115384615384 0.6514423076923077 0.8197115384615384 0.8269230769230769 0.9615384615384616 0.8269230769230769
0 0.9951923076923077 0.8870192307692307 0.8221153846153846 0.8870192307692307 0.8221153846153846 1 0.9951923076923077 1
0 1 0.5096153846153848 0.9567307692307693 0.5096153846153848 0.9567307692307693 0.7235576923076923 1 0.7235576923076923