0 0.29807692307692313 0.10817307692307696 0.22355769230769232 0.10817307692307696 0.22355769230769235 0.28125000000000006 0.29807692307692313 0.28125000000000006
0 0.34134615384615397 0.6153846153846154 0.264423076923077 0.6153846153846154 0.264423076923077 0.7355769230769231 0.34134615384615397 0.7355769230769231
0 0.31009615384615397 0.9206730769230769 0.2692307692307694 0.9206730769230769 0.2692307692307694 0.9759615384615384 0.31009615384615397 0.9759615384615384
0 0.3653846153846155 0.47836538461538464 0.2716346153846155 0.47836538461538464 0.2716346153846155 0.6105769230769231 0.36538461538461553 0.6105769230769231
0 0.3798076923076923 0.08173076923076926 0.28846153846153844 0.08173076923076926 0.2884615384615385 0.3125 0.3798076923076923 0.3125
0 0.3798076923076923 0.3125 0.28846153846153855 0.3125 0.28846153846153855 0.4519230769230769 0.3798076923076923 0.4519230769230769
0 0.3677884615384617 0.8052884615384616 0.3004807692307693 0.8052884615384616 0.30048076923076933 0.8942307692307693 0.3677884615384617 0.8942307692307693
0 0.4182692307692308 4.445232371905056e-17 0.3076923076923077 3.7681439973764714e-17 0.3076923076923077 0.07451923076923081 0.4182692307692308 0.07451923076923082
0 0.8725961538461539 0.0817307692307693 0.3798076923076923 0.08173076923076926 0.3798076923076923 0.16586538461538472 0.8725961538461539 0.16586538461538475
0 0.875 0.17307692307692318 0.38461538461538464 0.17307692307692316 0.38461538461538464 0.3028846153846155 0.875 0.30288461538461553
0 0.8485576923076923 0.31971153846153855 0.3894230769230769 0.31971153846153844 0.3894230769230769 0.44471153846153855 0.8485576923076923 0.4447115384615386
0 0.7932692307692307 0.5961538461538463 0.4062500000000001 0.5961538461538461 0.4062500000000001 0.7043269230769231 0.7932692307692307 0.7043269230769231
0 0.6826923076923077 0.7980769230769231 0.4326923076923078 0.7980769230769231 0.4326923076923078 0.8870192307692307 0.6826923076923077 0.8870192307692307
0 0.9038461538461539 0.6850961538461539 0.5456730769230771 0.6850961538461539 0.5456730769230771 0.8173076923076923 0.9038461538461539 0.8173076923076923
0 0.7860576923076923 0.7908653846153846 0.7355769230769231 0.7908653846153846 0.7355769230769231 0.9471153846153846 0.7860576923076923 0.9471153846153846