0 0.10096153846153852 0.38461538461538464 4.7101799967205894e-17 0.38461538461538464 6.491216807980562e-17 0.6754807692307693 0.10096153846153853 0.6754807692307693
0 0.11778846153846155 0.13221153846153846 0.031250000000000014 0.13221153846153846 0.031250000000000035 0.39903846153846156 0.11778846153846158 0.39903846153846156
0 0.1466346153846154 1.3394574365674175e-17 0.07211538461538461 8.831587493851106e-18 0.07211538461538462 0.13701923076923078 0.1466346153846154 0.1370192307692308
0 0.25000000000000006 0.12500000000000003 0.10576923076923077 0.125 0.10576923076923081 0.4423076923076923 0.25000000000000006 0.4423076923076923
0 0.2908653846153847 0.3870192307692308 0.10576923076923081 0.3870192307692308 0.10576923076923082 0.6802884615384616 0.2908653846153847 0.6802884615384616
0 0.33413461538461536 0.2524038461538462 0.25240384615384615 0.25240384615384615 0.2524038461538462 0.375 0.33413461538461536 0.375
0 0.3485576923076923 3.7387053723969676e-17 0.2620192307692308 3.2088101227659013e-17 0.2620192307692308 0.2572115384615385 0.3485576923076923 0.25721153846153855
0 0.35096153846153844 0.375 0.264423076923077 0.375 0.264423076923077 0.5408653846153846 0.35096153846153844 0.5408653846153846
0 0.37259615384615397 0.5625 0.2860576923076924 0.5625 0.2860576923076924 0.7067307692307693 0.37259615384615397 0.7067307692307693
0 0.38461538461538464 4.518828934353815e-17 0.35336538461538464 4.3274778719870414e-17 0.35336538461538464 0.2836538461538462 0.38461538461538464 0.2836538461538462
0 0.3966346153846155 0.5288461538461539 0.3581730769230769 0.5288461538461539 0.358173076923077 0.6778846153846154 0.39663461538461553 0.6778846153846154
0 0.4110576923076923 0.3485576923076923 0.3629807692307692 0.3485576923076923 0.3629807692307692 0.5192307692307693 0.4110576923076923 0.5192307692307693
0 0.44471153846153855 0.5288461538461539 0.4014423076923077 0.5288461538461539 0.40144230769230776 0.6802884615384616 0.4447115384615386 0.6802884615384616
0 0.4927884615384617 0.5600961538461539 0.44230769230769246 0.5600961538461539 0.44230769230769246 0.6826923076923077 0.4927884615384617 0.6826923076923077
0 0.7355769230769231 8.463604681607309e-17 0.6466346153846154 7.91899011948649e-17 0.6466346153846154 0.1538461538461539 0.7355769230769231 0.1538461538461539
0 0.7620192307692307 0.14182692307692316 0.6586538461538461 0.14182692307692316 0.6586538461538461 0.34134615384615397 0.7620192307692307 0.34134615384615397
0 0.7692307692307693 0.32932692307692324 0.6754807692307693 0.32932692307692324 0.6754807692307693 0.5168269230769232 0.7692307692307693 0.5168269230769232
0 0.8677884615384616 0.30048076923076933 0.8028846153846154 0.3004807692307693 0.8028846153846154 0.48317307692307704 0.8677884615384616 0.48317307692307704
0 0.8725961538461539 0.5000000000000001 0.8149038461538461 0.5000000000000001 0.8149038461538461 0.6201923076923077 0.8725961538461539 0.6201923076923077