0 0.7019230769230769 0.2596153846153847 0.4951923076923077 0.2596153846153847 0.4951923076923077 0.4086538461538462 0.7019230769230769 0.4086538461538463
0 0.3317307692307694 0.5697115384615384 0.3125000000000001 0.5697115384615384 0.3125000000000001 0.8245192307692307 0.3317307692307694 0.8245192307692307
0 0.34855769230769246 0.5721153846153846 0.3317307692307694 0.5721153846153846 0.3317307692307694 0.8173076923076923 0.34855769230769246 0.8173076923076923
0 0.42307692307692313 0.5240384615384616 0.40384615384615385 0.5240384615384616 0.4038461538461539 0.7524038461538461 0.42307692307692324 0.7524038461538461
0 0.46875000000000006 0.46634615384615385 0.43509615384615385 0.46634615384615385 0.4350961538461539 0.7307692307692307 0.4687500000000001 0.7307692307692307
0 0.6346153846153846 0.4471153846153847 0.5456730769230769 0.44711538461538464 0.5456730769230769 0.5576923076923077 0.6346153846153846 0.5576923076923078
0 0.6346153846153846 0.6298076923076923 0.5528846153846155 0.6298076923076923 0.5528846153846155 0.6730769230769231 0.6346153846153846 0.6730769230769231
0 0.6346153846153846 0.5697115384615385 0.5552884615384617 0.5697115384615384 0.5552884615384617 0.6298076923076923 0.6346153846153846 0.6298076923076923
0 0.6418269230769231 0.6682692307692307 0.5576923076923078 0.6682692307692307 0.5576923076923078 0.7163461538461539 0.6418269230769231 0.7163461538461539
0 0.6947115384615384 0.8653846153846154 0.5769230769230771 0.8653846153846154 0.5769230769230771 0.9975961538461539 0.6947115384615384 0.9975961538461539
0 0.7596153846153846 0.6225961538461539 0.6923076923076923 0.6225961538461539 0.6923076923076923 0.6466346153846154 0.7596153846153846 0.6466346153846154
0 0.7620192307692307 0.5096153846153848 0.6923076923076923 0.5096153846153848 0.6923076923076923 0.528846153846154 0.7620192307692307 0.528846153846154
0 0.7596153846153846 0.48317307692307704 0.6947115384615384 0.48317307692307704 0.6947115384615384 0.512019230769231 0.7596153846153846 0.512019230769231
0 0.7596153846153846 0.5865384615384617 0.6971153846153846 0.5865384615384617 0.6971153846153846 0.6081730769230771 0.7596153846153846 0.6081730769230771
0 0.7596153846153846 0.5673076923076924 0.7019230769230769 0.5673076923076924 0.7019230769230769 0.5865384615384617 0.7596153846153846 0.5865384615384617
0 0.8028846153846154 0.39663461538461553 0.7692307692307693 0.39663461538461553 0.7692307692307693 0.625 0.8028846153846154 0.625
0 0.9230769230769231 0.5649038461538463 0.8894230769230769 0.5649038461538463 0.8894230769230769 0.6177884615384616 0.9230769230769231 0.6177884615384616