0 0.12259615384615394 0.5649038461538461 0.09855769230769237 0.5649038461538461 0.09855769230769239 0.7139423076923077 0.12259615384615395 0.7139423076923077
0 0.2067307692307693 0.37740384615384615 0.17307692307692316 0.37740384615384615 0.17307692307692316 0.71875 0.2067307692307693 0.71875
0 0.23317307692307696 0.15144230769230774 0.1875 0.15144230769230774 0.18750000000000003 0.37259615384615385 0.23317307692307698 0.37259615384615385
0 0.2475961538461539 0.4519230769230769 0.22596153846153852 0.4519230769230769 0.22596153846153852 0.5 0.2475961538461539 0.5
0 0.24519230769230776 0.34375 0.2283653846153847 0.34375 0.2283653846153847 0.4543269230769231 0.24519230769230776 0.4543269230769231
0 0.29086538461538464 0.2043269230769231 0.25240384615384615 0.20432692307692307 0.2524038461538462 0.4110576923076923 0.2908653846153847 0.4110576923076923
0 0.3557692307692308 0.19471153846153852 0.28846153846153844 0.19471153846153852 0.2884615384615385 0.4182692307692308 0.3557692307692308 0.4182692307692308
0 0.40865384615384615 0.08413461538461542 0.3581730769230769 0.08413461538461542 0.3581730769230769 0.20432692307692316 0.40865384615384615 0.20432692307692316
0 0.42067307692307704 0.6826923076923077 0.3870192307692309 0.6826923076923077 0.3870192307692309 0.7620192307692307 0.42067307692307704 0.7620192307692307
0 0.4807692307692308 0.028846153846153903 0.4110576923076923 0.028846153846153896 0.4110576923076923 0.2716346153846155 0.4807692307692308 0.2716346153846155
0 0.47115384615384615 0.24519230769230776 0.4230769230769231 0.24519230769230776 0.4230769230769231 0.3245192307692308 0.47115384615384615 0.3245192307692308
0 0.4639423076923078 0.6778846153846154 0.4399038461538463 0.6778846153846154 0.4399038461538463 0.7524038461538461 0.4639423076923078 0.7524038461538461
0 0.5552884615384616 0.3173076923076923 0.4855769230769231 0.3173076923076923 0.4855769230769231 0.5216346153846154 0.5552884615384616 0.5216346153846154
0 0.5528846153846154 0.076923076923077 0.5336538461538461 0.076923076923077 0.5336538461538461 0.15625000000000006 0.5528846153846154 0.15625000000000006
0 0.6514423076923077 0.14903846153846162 0.5528846153846154 0.14903846153846162 0.5528846153846154 0.5721153846153847 0.6514423076923077 0.5721153846153848
0 0.6971153846153846 0.6995192307692307 0.5673076923076924 0.6995192307692307 0.5673076923076924 0.7524038461538461 0.6971153846153846 0.7524038461538461
0 0.6658653846153846 0.5552884615384617 0.5697115384615384 0.5552884615384617 0.5697115384615385 0.6586538461538461 0.6658653846153846 0.6586538461538461
0 0.7091346153846154 0.12019230769230778 0.6658653846153846 0.12019230769230776 0.6658653846153846 0.3774038461538463 0.7091346153846154 0.3774038461538463
0 0.7572115384615384 0.43509615384615397 0.7283653846153846 0.43509615384615397 0.7283653846153846 0.5552884615384617 0.7572115384615384 0.5552884615384617
0 0.8413461538461539 0.3076923076923078 0.8052884615384616 0.3076923076923078 0.8052884615384616 0.6682692307692307 0.8413461538461539 0.6682692307692307
0 0.9519230769230769 0.4375000000000001 0.9014423076923077 0.4375000000000001 0.9014423076923077 0.71875 0.9519230769230769 0.71875