0 0.1105769230769231 0.04086538461538462 0.002403846153846159 0.040865384615384616 0.002403846153846172 0.25240384615384615 0.11057692307692311 0.25240384615384615
0 0.10096153846153853 0.6346153846153846 0.03846153846153855 0.6346153846153846 0.03846153846153855 0.6754807692307693 0.10096153846153853 0.6754807692307693
0 0.16586538461538464 1.3688960615469216e-17 0.057692307692307696 7.065269995080883e-18 0.05769230769230771 0.3076923076923077 0.1658653846153847 0.3076923076923077
0 0.12500000000000006 0.5432692307692307 0.076923076923077 0.5432692307692307 0.076923076923077 0.5865384615384616 0.12500000000000006 0.5865384615384616
0 0.19951923076923084 0.49278846153846156 0.0865384615384616 0.49278846153846156 0.0865384615384616 0.5576923076923077 0.19951923076923084 0.5576923076923077
0 0.3870192307692308 0.4831730769230769 0.3173076923076923 0.4831730769230769 0.3173076923076923 0.5168269230769231 0.3870192307692308 0.5168269230769231
0 0.3942307692307693 0.5432692307692307 0.3293269230769231 0.5432692307692307 0.32932692307692313 0.6081730769230769 0.3942307692307694 0.6081730769230769
0 0.4110576923076923 0.37740384615384615 0.3485576923076923 0.37740384615384615 0.3485576923076923 0.4831730769230769 0.4110576923076923 0.4831730769230769
0 0.5552884615384617 0.6538461538461539 0.3990384615384617 0.6538461538461539 0.3990384615384617 0.71875 0.5552884615384617 0.71875
0 0.5865384615384616 0.28846153846153855 0.43028846153846156 0.28846153846153855 0.43028846153846156 0.43750000000000006 0.5865384615384616 0.4375000000000001
0 0.5769230769230769 0.15865384615384623 0.43509615384615385 0.15865384615384623 0.43509615384615385 0.27644230769230776 0.5769230769230769 0.27644230769230776
0 0.5793269230769231 0.06730769230769237 0.46634615384615385 0.06730769230769236 0.46634615384615385 0.14903846153846162 0.5793269230769231 0.14903846153846162
0 0.8389423076923077 0.35336538461538475 0.7331730769230769 0.35336538461538475 0.7331730769230769 0.4326923076923078 0.8389423076923077 0.4326923076923078
0 0.8028846153846154 0.6322115384615384 0.7379807692307693 0.6322115384615384 0.7379807692307693 0.71875 0.8028846153846154 0.71875
0 0.8485576923076923 0.4495192307692309 0.7548076923076923 0.4495192307692309 0.7548076923076923 0.5144230769230771 0.8485576923076923 0.5144230769230771
0 0.9711538461538461 0.6177884615384616 0.8245192307692307 0.6177884615384616 0.8245192307692307 0.7259615384615384 0.9711538461538461 0.7259615384615384
0 1 0.3461538461538463 0.8629807692307693 0.3461538461538463 0.8629807692307693 0.4447115384615386 1 0.4447115384615386
0 1 0.5240384615384617 0.8701923076923077 0.5240384615384617 0.8701923076923077 0.6105769230769232 1 0.6105769230769232