0 0.1610576923076924 0.5649038461538461 0.014423076923076992 0.5649038461538461 0.014423076923077009 0.8461538461538461 0.16105769230769246 0.8461538461538461
0 0.14663461538461545 0.23557692307692307 0.04086538461538465 0.23557692307692307 0.040865384615384664 0.5649038461538461 0.14663461538461545 0.5649038461538461
0 0.2139423076923078 0.5673076923076923 0.14182692307692316 0.5673076923076923 0.14182692307692316 0.8605769230769231 0.21394230769230782 0.8605769230769231
0 0.295673076923077 0.295673076923077 0.18990384615384623 0.2956730769230769 0.18990384615384623 0.5769230769230769 0.295673076923077 0.5769230769230769
0 0.27644230769230776 0.5745192307692307 0.21394230769230776 0.5745192307692307 0.21394230769230776 0.7932692307692307 0.27644230769230776 0.7932692307692307
0 0.31009615384615397 0.5913461538461539 0.25000000000000006 0.5913461538461539 0.25000000000000006 0.8125 0.31009615384615397 0.8125
0 0.33413461538461553 0.625 0.2836538461538462 0.625 0.2836538461538462 0.8221153846153846 0.33413461538461553 0.8221153846153846
0 0.37500000000000006 0.46153846153846156 0.3293269230769231 0.46153846153846156 0.32932692307692313 0.6370192307692307 0.3750000000000001 0.6370192307692307
0 0.4014423076923078 0.7067307692307693 0.3822115384615386 0.7067307692307693 0.3822115384615386 0.8269230769230769 0.4014423076923078 0.8269230769230769
0 0.5408653846153848 0.6057692307692307 0.49759615384615397 0.6057692307692307 0.49759615384615397 0.6923076923076923 0.5408653846153848 0.6923076923076923
0 0.7572115384615384 0.48317307692307704 0.6923076923076923 0.48317307692307704 0.6923076923076923 0.8100961538461539 0.7572115384615384 0.8100961538461539
0 0.8509615384615384 0.528846153846154 0.7572115384615384 0.528846153846154 0.7572115384615384 0.8605769230769231 0.8509615384615384 0.8605769230769231
0 1 0.1466346153846155 0.8605769230769231 0.14663461538461547 0.8605769230769231 0.7067307692307693 1 0.7067307692307693