0 0.05048076923076934 0.8653846153846154 1.0597904992621326e-16 0.8653846153846154 1.1127800242252392e-16 0.9519230769230769 0.05048076923076935 0.9519230769230769
0 0.3245192307692309 0.7692307692307693 0.26201923076923084 0.7692307692307693 0.2620192307692309 0.9230769230769231 0.3245192307692309 0.9230769230769231
0 0.40384615384615397 0.7620192307692307 0.3149038461538463 0.7620192307692307 0.3149038461538463 0.9350961538461539 0.40384615384615397 0.9350961538461539
0 0.5000000000000001 0.7403846153846154 0.39182692307692324 0.7403846153846154 0.39182692307692324 0.9399038461538461 0.5000000000000001 0.9399038461538461
0 0.591346153846154 0.7211538461538461 0.49038461538461553 0.7211538461538461 0.49038461538461553 0.9375 0.591346153846154 0.9375
0 0.6754807692307693 0.9423076923076923 0.5384615384615385 0.9423076923076923 0.5384615384615385 0.9951923076923077 0.6754807692307693 0.9951923076923077
0 0.7211538461538461 0.7019230769230769 0.5937500000000001 0.7019230769230769 0.5937500000000001 0.9375 0.7211538461538461 0.9375
0 0.8413461538461539 0.9423076923076923 0.6802884615384616 0.9423076923076923 0.6802884615384616 0.9951923076923077 0.8413461538461539 0.9951923076923077
0 0.8701923076923077 0.6947115384615384 0.71875 0.6947115384615384 0.71875 0.9423076923076923 0.8701923076923077 0.9423076923076923
0 1 0.9230769230769231 0.8413461538461539 0.9230769230769231 0.8413461538461539 0.9975961538461539 1 0.9975961538461539
0 1 0.6394230769230769 0.8509615384615384 0.6394230769230769 0.8509615384615384 0.9182692307692307 1 0.9182692307692307