0 0.05528846153846164 0.8461538461538461 0.012019230769230872 0.8461538461538461 0.012019230769230876 0.8894230769230769 0.05528846153846164 0.8894230769230769
0 0.1971153846153847 0.3269230769230769 0.07932692307692311 0.3269230769230769 0.07932692307692313 0.6370192307692307 0.1971153846153847 0.6370192307692307
0 0.13701923076923087 0.8461538461538461 0.08413461538461549 0.8461538461538461 0.08413461538461549 0.8966346153846154 0.13701923076923087 0.8966346153846154
0 0.1875 0.08653846153846155 0.09375 0.08653846153846154 0.09375000000000001 0.2764423076923077 0.1875 0.2764423076923077
0 0.31250000000000006 0.4182692307692308 0.2163461538461539 0.4182692307692308 0.2163461538461539 0.6682692307692307 0.3125000000000001 0.6682692307692307
0 0.36057692307692313 0.4879807692307692 0.3125 0.4879807692307692 0.31250000000000006 0.6538461538461539 0.36057692307692324 0.6538461538461539
0 0.3629807692307694 0.7764423076923077 0.32932692307692324 0.7764423076923077 0.32932692307692324 0.8653846153846154 0.3629807692307694 0.8653846153846154
0 0.4375000000000001 0.7067307692307693 0.3629807692307694 0.7067307692307693 0.3629807692307694 0.8341346153846154 0.4375000000000001 0.8341346153846154
0 0.4399038461538463 0.8221153846153846 0.3701923076923078 0.8221153846153846 0.3701923076923078 0.9086538461538461 0.4399038461538463 0.9086538461538461
0 0.5865384615384617 0.7908653846153846 0.47355769230769246 0.7908653846153846 0.47355769230769246 0.8509615384615384 0.5865384615384617 0.8509615384615384
0 0.605769230769231 0.8509615384615384 0.5552884615384617 0.8509615384615384 0.5552884615384617 0.9567307692307693 0.605769230769231 0.9567307692307693
0 0.7740384615384616 0.6875 0.6490384615384616 0.6875 0.6490384615384616 0.9639423076923077 0.7740384615384616 0.9639423076923077
0 0.8918269230769231 0.6370192307692307 0.8004807692307693 0.6370192307692307 0.8004807692307693 0.8197115384615384 0.8918269230769231 0.8197115384615384
0 0.9975961538461539 0.30288461538461553 0.8798076923076923 0.30288461538461553 0.8798076923076923 0.8221153846153846 0.9975961538461539 0.8221153846153846