0 0.16586538461538464 0.1971153846153846 0.016826923076923104 0.1971153846153846 0.016826923076923125 0.5889423076923077 0.1658653846153847 0.5889423076923077
0 0.17548076923076922 1.0745098117518844e-17 0 0 1.3983346865264248e-17 0.2283653846153846 0.17548076923076922 0.2283653846153846
0 0.20673076923076927 0.14423076923076927 0.16346153846153846 0.14423076923076927 0.1634615384615385 0.5336538461538461 0.2067307692307693 0.5336538461538461
0 0.22115384615384615 2.4286865608090538e-17 0.17548076923076922 2.1490196235037688e-17 0.17548076923076922 0.16105769230769232 0.22115384615384615 0.16105769230769232
0 0.2524038461538462 0.20192307692307693 0.21153846153846154 0.20192307692307693 0.21153846153846156 0.5456730769230769 0.2524038461538462 0.5456730769230769
0 0.25721153846153844 2.9438624979503685e-17 0.22355769230769232 2.7377921230938423e-17 0.22355769230769232 0.23076923076923078 0.25721153846153844 0.23076923076923078
0 0.29807692307692313 0.11298076923076926 0.25961538461538464 0.11298076923076926 0.25961538461538464 0.4639423076923077 0.29807692307692313 0.4639423076923077
0 0.3798076923076923 0.17307692307692316 0.3485576923076923 0.17307692307692316 0.3485576923076923 0.3557692307692308 0.3798076923076923 0.3557692307692308
0 0.3870192307692308 0.3701923076923077 0.35336538461538464 0.3701923076923077 0.35336538461538464 0.5504807692307693 0.3870192307692308 0.5504807692307693
0 0.4302884615384616 0.3317307692307692 0.375 0.3317307692307692 0.37500000000000006 0.6298076923076923 0.4302884615384617 0.6298076923076923
0 0.6730769230769231 7.992586681935251e-17 0.6322115384615384 7.742358369609469e-17 0.6322115384615384 0.2548076923076924 0.6730769230769231 0.2548076923076924
0 0.7211538461538461 0.18028846153846162 0.6610576923076923 0.18028846153846162 0.6610576923076923 0.37980769230769246 0.7211538461538461 0.37980769230769246
0 0.7932692307692307 0.29807692307692313 0.6634615384615384 0.29807692307692313 0.6634615384615384 0.5625000000000001 0.7932692307692307 0.5625000000000001
0 0.7740384615384616 9.111254431156389e-17 0.7139423076923077 8.743271618912594e-17 0.7139423076923077 0.3052884615384616 0.7740384615384616 0.3052884615384616
0 0.9951923076923077 0.1105769230769232 0.7908653846153846 0.11057692307692318 0.7908653846153846 0.4567307692307694 0.9951923076923077 0.4567307692307694