0 0.03365384615384624 0.6971153846153846 8.537201244056068e-17 0.6971153846153846 8.846306806340856e-17 0.7475961538461539 0.03365384615384625 0.7475961538461539
0 0.06250000000000008 0.6081730769230769 7.447972119814432e-17 0.6081730769230769 7.874832182017236e-17 0.6778846153846154 0.06250000000000008 0.6778846153846154
0 0.07932692307692314 0.4423076923076923 5.416706996228678e-17 0.4423076923076923 6.064356745777758e-17 0.5480769230769231 0.07932692307692314 0.5480769230769231
0 0.11057692307692313 0.2932692307692308 3.591512247499449e-17 0.2932692307692308 4.621864121782078e-17 0.46153846153846156 0.11057692307692314 0.46153846153846156
0 0.1634615384615385 0.2091346153846154 2.5611603732168205e-17 0.2091346153846154 3.3854418726429234e-17 0.34375 0.16346153846153852 0.34375
0 0.05288461538461548 0.7524038461538461 0.012019230769230864 0.7524038461538461 0.012019230769230865 0.8028846153846154 0.05288461538461549 0.8028846153846154
0 0.09134615384615394 0.59375 0.06490384615384623 0.59375 0.06490384615384623 0.7331730769230769 0.09134615384615395 0.7331730769230769
0 0.1274038461538462 0.35336538461538464 0.07932692307692311 0.35336538461538464 0.07932692307692313 0.5120192307692307 0.12740384615384623 0.5120192307692307
0 0.16105769230769237 0.4014423076923077 0.10336538461538465 0.4014423076923077 0.10336538461538466 0.5384615384615384 0.16105769230769237 0.5384615384615384
0 0.3100961538461539 0.47115384615384615 0.14182692307692316 0.47115384615384615 0.14182692307692316 0.6105769230769231 0.31009615384615397 0.6105769230769231
0 0.29326923076923084 0.7692307692307693 0.14182692307692318 0.7692307692307693 0.14182692307692318 0.8341346153846154 0.29326923076923084 0.8341346153846154
0 0.29326923076923084 0.6105769230769231 0.1442307692307693 0.6105769230769231 0.14423076923076933 0.7716346153846154 0.29326923076923084 0.7716346153846154
0 0.3125 0.3918269230769231 0.15625000000000006 0.3918269230769231 0.15625000000000006 0.47836538461538464 0.3125 0.47836538461538464
0 0.31490384615384615 0.1274038461538462 0.18028846153846154 0.1274038461538462 0.18028846153846156 0.3293269230769231 0.31490384615384615 0.3293269230769231
0 0.32932692307692313 0.4206730769230769 0.31009615384615385 0.4206730769230769 0.3100961538461539 0.6586538461538461 0.32932692307692324 0.6586538461538461
0 0.43990384615384615 0.3942307692307692 0.3125 0.3942307692307692 0.3125 0.5096153846153846 0.43990384615384615 0.5096153846153846
0 0.4254807692307693 0.5192307692307693 0.34615384615384615 0.5192307692307693 0.3461538461538462 0.6298076923076923 0.4254807692307694 0.6298076923076923
0 0.4086538461538463 0.6971153846153846 0.39663461538461553 0.6971153846153846 0.39663461538461553 0.7548076923076923 0.4086538461538463 0.7548076923076923
0 0.42307692307692324 0.65625 0.4086538461538463 0.65625 0.4086538461538463 0.7403846153846154 0.42307692307692324 0.7403846153846154
0 0.4375000000000001 0.6586538461538461 0.4254807692307694 0.6586538461538461 0.4254807692307694 0.7403846153846154 0.4375000000000001 0.7403846153846154
0 0.7836538461538461 0.2067307692307693 0.53125 0.2067307692307693 0.53125 0.4302884615384616 0.7836538461538461 0.4302884615384617
0 0.6610576923076923 0.5697115384615385 0.6177884615384616 0.5697115384615385 0.6177884615384616 0.6322115384615384 0.6610576923076923 0.6322115384615384