0 0.05528846153846159 0.27403846153846156 3.3560032476634196e-17 0.27403846153846156 5.107601433943889e-17 0.5600961538461539 0.055288461538461606 0.5600961538461539
0 0.11057692307692316 0.6634615384615384 8.125060494343017e-17 0.6634615384615384 8.787429556381849e-17 0.7716346153846154 0.11057692307692318 0.7716346153846154
0 0.11057692307692314 0.5913461538461539 7.241901744957906e-17 0.5913461538461539 7.712919744629967e-17 0.6682692307692307 0.11057692307692314 0.6682692307692307
0 0.10096153846153853 0.4543269230769231 0.028846153846153907 0.4543269230769231 0.028846153846153914 0.5985576923076923 0.10096153846153853 0.5985576923076923
0 0.16826923076923084 0.5576923076923077 0.09615384615384623 0.5576923076923077 0.09615384615384623 0.6442307692307693 0.16826923076923084 0.6442307692307693
0 0.17307692307692316 0.53125 0.10336538461538468 0.53125 0.10336538461538468 0.5985576923076923 0.17307692307692316 0.5985576923076923
0 0.1971153846153847 0.31009615384615385 0.11538461538461542 0.31009615384615385 0.11538461538461543 0.5673076923076923 0.1971153846153847 0.5673076923076923
0 0.19230769230769237 0.6466346153846154 0.14663461538461545 0.6466346153846154 0.14663461538461547 0.7860576923076923 0.19230769230769237 0.7860576923076923
0 0.20432692307692316 0.5745192307692307 0.15865384615384623 0.5745192307692307 0.15865384615384623 0.6730769230769231 0.20432692307692316 0.6730769230769231
0 0.2740384615384616 0.4807692307692308 0.19230769230769237 0.4807692307692308 0.19230769230769237 0.6153846153846154 0.2740384615384616 0.6153846153846154
0 0.3125000000000001 0.6899038461538461 0.2475961538461539 0.6899038461538461 0.2475961538461539 0.7596153846153846 0.3125000000000001 0.7596153846153846
0 0.5096153846153848 0.6899038461538461 0.4495192307692309 0.6899038461538461 0.4495192307692309 0.8028846153846154 0.5096153846153848 0.8028846153846154
0 0.5168269230769232 0.5673076923076923 0.45192307692307704 0.5673076923076923 0.45192307692307704 0.6875 0.5168269230769232 0.6875
0 0.5096153846153846 0.4110576923076923 0.4519230769230769 0.4110576923076923 0.4519230769230769 0.49278846153846156 0.5096153846153846 0.49278846153846156
0 0.5144230769230769 0.3293269230769231 0.4543269230769231 0.3293269230769231 0.4543269230769231 0.40625 0.5144230769230769 0.40625
0 0.5072115384615384 0.1971153846153847 0.4639423076923077 0.1971153846153847 0.4639423076923077 0.2548076923076924 0.5072115384615384 0.2548076923076924
0 0.6875 0.39663461538461553 0.6129807692307693 0.39663461538461553 0.6129807692307693 0.47836538461538475 0.6875 0.47836538461538475
0 0.6971153846153846 0.5817307692307694 0.6201923076923077 0.5817307692307694 0.6201923076923077 0.6802884615384616 0.6971153846153846 0.6802884615384616
0 0.7115384615384616 0.6730769230769231 0.6201923076923077 0.6730769230769231 0.6201923076923077 0.8149038461538461 0.7115384615384616 0.8149038461538461
0 0.6850961538461539 0.4879807692307694 0.6370192307692307 0.4879807692307694 0.6370192307692307 0.5865384615384617 0.6850961538461539 0.5865384615384617
0 0.7596153846153846 0.28125000000000006 0.6802884615384616 0.28125000000000006 0.6802884615384616 0.7307692307692307 0.7596153846153846 0.7307692307692307
0 1 1.0803975367477851e-16 0.7644230769230769 9.361482743482171e-17 0.7644230769230769 0.5360576923076924 1 0.5360576923076924
0 0.9615384615384616 0.5216346153846155 0.8533653846153846 0.5216346153846155 0.8533653846153846 0.7716346153846154 0.9615384615384616 0.7716346153846154