0 0.028846153846153928 0.5985576923076923 0.0024038461538462277 0.5985576923076923 0.002403846153846231 0.6658653846153846 0.02884615384615393 0.6658653846153846
0 0.08894230769230771 5.8877249959007375e-18 0.007211538461538462 8.831587493851104e-19 0.007211538461538482 0.3317307692307692 0.08894230769230772 0.3317307692307692
0 0.03605769230769238 0.5288461538461539 0.012019230769230834 0.5288461538461539 0.012019230769230838 0.6033653846153846 0.03605769230769239 0.6033653846153846
0 0.04326923076923083 0.47115384615384615 0.014423076923076983 0.47115384615384615 0.014423076923076986 0.5432692307692307 0.04326923076923084 0.5432692307692307
0 0.05048076923076932 0.6899038461538461 0.02163461538461547 0.6899038461538461 0.021634615384615478 0.8052884615384616 0.050480769230769336 0.8052884615384616
0 0.06009615384615389 0.33653846153846156 0.021634615384615426 0.33653846153846156 0.021634615384615436 0.4735576923076923 0.060096153846153896 0.4735576923076923
0 0.10096153846153856 0.8269230769230769 0.04086538461538472 0.8269230769230769 0.04086538461538472 0.8918269230769231 0.10096153846153856 0.8918269230769231
0 0.3125000000000001 0.5841346153846154 0.28846153846153855 0.5841346153846154 0.28846153846153855 0.6442307692307693 0.3125000000000001 0.6442307692307693
0 0.3750000000000001 0.5817307692307693 0.3245192307692309 0.5817307692307693 0.3245192307692309 0.6490384615384616 0.3750000000000001 0.6490384615384616
0 0.545673076923077 0.4807692307692308 0.46153846153846156 0.4807692307692308 0.4615384615384616 0.5745192307692307 0.5456730769230771 0.5745192307692307
0 0.5480769230769232 0.6442307692307693 0.4711538461538463 0.6442307692307693 0.4711538461538463 0.7283653846153846 0.5480769230769232 0.7283653846153846
0 0.5913461538461539 0.3942307692307693 0.5432692307692307 0.3942307692307692 0.5432692307692307 0.46394230769230776 0.5913461538461539 0.4639423076923078
0 0.5961538461538463 0.44230769230769246 0.5769230769230769 0.44230769230769246 0.576923076923077 0.6610576923076923 0.5961538461538463 0.6610576923076923
0 0.6490384615384616 0.7644230769230769 0.5937500000000001 0.7644230769230769 0.5937500000000001 0.8269230769230769 0.6490384615384616 0.8269230769230769
0 0.7403846153846154 0.1298076923076924 0.5961538461538461 0.12980769230769237 0.5961538461538461 0.2596153846153847 0.7403846153846154 0.2596153846153847
0 0.75 0.22596153846153852 0.5961538461538461 0.22596153846153852 0.5961538461538461 0.31009615384615397 0.75 0.31009615384615397