0 0.17067307692307698 0.34134615384615385 0.045673076923076955 0.34134615384615385 0.045673076923076976 0.6274038461538461 0.17067307692307698 0.6274038461538461
0 0.4927884615384616 0.36778846153846156 0.16346153846153852 0.36778846153846156 0.16346153846153852 0.7043269230769231 0.4927884615384617 0.7043269230769231
0 0.4206730769230769 3.723986059907216e-17 0.1875 2.2962127484012874e-17 0.18750000000000003 0.3317307692307692 0.4206730769230769 0.3317307692307692
0 0.5625 5.961321558349496e-17 0.4110576923076923 5.03400487149513e-17 0.4110576923076923 0.4471153846153847 0.5625 0.44711538461538475
0 0.5480769230769231 0.43509615384615385 0.4831730769230769 0.43509615384615385 0.483173076923077 0.7211538461538461 0.5480769230769232 0.7211538461538461
0 0.5961538461538463 0.48317307692307704 0.5625 0.48317307692307704 0.5625000000000001 0.7163461538461539 0.5961538461538463 0.7163461538461539
0 0.6081730769230769 0.41105769230769246 0.5793269230769231 0.41105769230769246 0.5793269230769231 0.4927884615384617 0.6081730769230769 0.4927884615384617
0 0.625 0.5000000000000001 0.59375 0.5000000000000001 0.5937500000000001 0.7211538461538461 0.625 0.7211538461538461
0 0.7115384615384616 0.591346153846154 0.6706730769230769 0.591346153846154 0.6706730769230769 0.7403846153846154 0.7115384615384616 0.7403846153846154
0 0.7043269230769231 0.5192307692307694 0.6730769230769231 0.5192307692307694 0.6730769230769231 0.6009615384615385 0.7043269230769231 0.6009615384615385
0 0.7355769230769231 0.6658653846153846 0.7019230769230769 0.6658653846153846 0.7019230769230769 0.7884615384615384 0.7355769230769231 0.7884615384615384
0 0.7451923076923077 0.5096153846153848 0.7115384615384616 0.5096153846153848 0.7115384615384616 0.6394230769230769 0.7451923076923077 0.6394230769230769
0 0.7475961538461539 0.6682692307692307 0.7307692307692307 0.6682692307692307 0.7307692307692307 0.7932692307692307 0.7475961538461539 0.7932692307692307
0 0.7764423076923077 0.6514423076923077 0.7524038461538461 0.6514423076923077 0.7524038461538461 0.7620192307692307 0.7764423076923077 0.7620192307692307
0 0.7740384615384616 0.5528846153846155 0.7596153846153846 0.5528846153846155 0.7596153846153846 0.6490384615384616 0.7740384615384616 0.6490384615384616
0 0.7956730769230769 0.6850961538461539 0.7764423076923077 0.6850961538461539 0.7764423076923077 0.7764423076923077 0.7956730769230769 0.7764423076923077
0 0.8365384615384616 0.3990384615384617 0.8028846153846154 0.3990384615384617 0.8028846153846154 0.4375000000000001 0.8365384615384616 0.4375000000000001
0 0.8485576923076923 0.5048076923076924 0.8100961538461539 0.5048076923076924 0.8100961538461539 0.5576923076923078 0.8485576923076923 0.5576923076923078
0 0.8533653846153846 0.6466346153846154 0.8245192307692307 0.6466346153846154 0.8245192307692307 0.7259615384615384 0.8533653846153846 0.7259615384615384
0 1 0.574519230769231 0.9735576923076923 0.574519230769231 0.9735576923076923 0.7019230769230769 1 0.7019230769230769