0 0.16346153846153852 0.6442307692307693 0.03605769230769239 0.6442307692307693 0.03605769230769239 0.7163461538461539 0.16346153846153852 0.7163461538461539
0 0.29326923076923084 0.5432692307692307 0.2067307692307693 0.5432692307692307 0.2067307692307693 0.6947115384615384 0.29326923076923084 0.6947115384615384
0 0.6899038461538461 0.4927884615384616 0.3557692307692308 0.49278846153846156 0.35576923076923084 0.7235576923076923 0.6899038461538461 0.7235576923076923
0 0.574519230769231 0.8341346153846154 0.4951923076923078 0.8341346153846154 0.4951923076923078 0.9014423076923077 0.574519230769231 0.9014423076923077
0 0.7163461538461539 0.8533653846153846 0.5721153846153848 0.8533653846153846 0.5721153846153848 0.9543269230769231 0.7163461538461539 0.9543269230769231
0 0.6778846153846154 0.45432692307692324 0.6490384615384616 0.45432692307692324 0.6490384615384616 0.4687500000000001 0.6778846153846154 0.4687500000000001
0 0.7163461538461539 0.6177884615384616 0.7019230769230769 0.6177884615384616 0.7019230769230769 0.6995192307692307 0.7163461538461539 0.6995192307692307
0 0.7620192307692307 0.6875 0.7331730769230769 0.6875 0.7331730769230769 0.7307692307692307 0.7620192307692307 0.7307692307692307
0 0.7716346153846154 0.5937500000000001 0.7548076923076923 0.5937500000000001 0.7548076923076923 0.6514423076923077 0.7716346153846154 0.6514423076923077
0 0.7884615384615384 0.6875 0.7692307692307693 0.6875 0.7692307692307693 0.7259615384615384 0.7884615384615384 0.7259615384615384
0 0.8293269230769231 0.6995192307692307 0.8052884615384616 0.6995192307692307 0.8052884615384616 0.7379807692307693 0.8293269230769231 0.7379807692307693
0 0.8605769230769231 0.7211538461538461 0.8389423076923077 0.7211538461538461 0.8389423076923077 0.7403846153846154 0.8605769230769231 0.7403846153846154
0 0.9038461538461539 0.7379807692307693 0.8870192307692307 0.7379807692307693 0.8870192307692307 0.7644230769230769 0.9038461538461539 0.7644230769230769