0 0.10817307692307697 0.3942307692307692 0.06730769230769236 0.3942307692307692 0.06730769230769236 0.4855769230769231 0.108173076923077 0.4855769230769231
0 0.19711538461538464 0.1658653846153846 0.11057692307692311 0.1658653846153846 0.11057692307692311 0.29086538461538464 0.1971153846153847 0.29086538461538464
0 0.20432692307692316 0.31490384615384615 0.1658653846153847 0.31490384615384615 0.1658653846153847 0.43028846153846156 0.20432692307692316 0.43028846153846156
0 0.3293269230769231 0.18028846153846156 0.1971153846153846 0.18028846153846154 0.1971153846153846 0.2692307692307693 0.3293269230769231 0.2692307692307693
0 0.29807692307692313 0.24759615384615388 0.20432692307692307 0.24759615384615385 0.2043269230769231 0.3798076923076923 0.29807692307692313 0.3798076923076923
0 0.2283653846153847 0.5384615384615384 0.2067307692307693 0.5384615384615384 0.2067307692307693 0.6153846153846154 0.2283653846153847 0.6153846153846154
0 0.3413461538461539 0.43028846153846156 0.3076923076923077 0.43028846153846156 0.30769230769230776 0.6057692307692307 0.34134615384615397 0.6057692307692307
0 0.33653846153846156 0.3125 0.32211538461538464 0.3125 0.32211538461538464 0.4182692307692308 0.33653846153846156 0.4182692307692308
0 0.44711538461538475 0.5793269230769231 0.3389423076923078 0.5793269230769231 0.3389423076923078 0.6081730769230769 0.44711538461538475 0.6081730769230769
0 0.43509615384615385 0.11778846153846159 0.34375 0.11778846153846158 0.34375 0.2596153846153847 0.43509615384615385 0.2596153846153847
0 0.4423076923076924 0.46875 0.35096153846153844 0.46875 0.35096153846153855 0.5649038461538461 0.44230769230769246 0.5649038461538461
0 0.46153846153846156 0.3317307692307692 0.44471153846153844 0.3317307692307692 0.44471153846153844 0.5 0.46153846153846156 0.5
0 0.5336538461538461 0.2740384615384616 0.44471153846153844 0.2740384615384616 0.44471153846153844 0.35336538461538464 0.5336538461538461 0.35336538461538464
0 0.46394230769230776 0.5 0.4519230769230769 0.5 0.451923076923077 0.5889423076923077 0.4639423076923078 0.5889423076923077
0 0.5264423076923077 0.5072115384615384 0.46634615384615385 0.5072115384615384 0.4663461538461539 0.59375 0.5264423076923078 0.59375
0 0.5336538461538461 0.3557692307692308 0.4735576923076923 0.3557692307692308 0.4735576923076923 0.46153846153846156 0.5336538461538461 0.46153846153846156
0 0.5336538461538461 0.4567307692307692 0.5192307692307693 0.4567307692307692 0.5192307692307693 0.53125 0.5336538461538461 0.53125
0 0.5456730769230769 0.47596153846153844 0.53125 0.47596153846153844 0.53125 0.53125 0.5456730769230769 0.53125
0 0.7716346153846154 0.07451923076923085 0.59375 0.07451923076923084 0.59375 0.32211538461538475 0.7716346153846154 0.32211538461538475
0 0.9783653846153846 0.5625000000000001 0.9399038461538461 0.5625000000000001 0.9399038461538461 0.5769230769230771 0.9783653846153846 0.5769230769230771
0 0.9807692307692307 0.45432692307692324 0.9615384615384616 0.45432692307692324 0.9615384615384616 0.5192307692307694 0.9807692307692307 0.5192307692307694