0 0.1658653846153847 0.5889423076923077 0.1129807692307693 0.5889423076923077 0.1129807692307693 0.6875 0.1658653846153847 0.6875
0 0.5168269230769231 0.21634615384615388 0.19230769230769232 0.21634615384615385 0.19230769230769235 0.31971153846153844 0.5168269230769231 0.31971153846153844
0 0.5913461538461539 0.02644230769230774 0.20192307692307693 0.026442307692307716 0.20192307692307693 0.20673076923076927 0.5913461538461539 0.2067307692307693
0 0.5360576923076923 0.34375 0.22115384615384623 0.34375 0.22115384615384623 0.45913461538461536 0.5360576923076923 0.45913461538461536
0 0.4254807692307692 0.46153846153846156 0.29326923076923084 0.46153846153846156 0.29326923076923084 0.5456730769230769 0.4254807692307692 0.5456730769230769
0 0.44230769230769246 0.5817307692307693 0.3701923076923078 0.5817307692307693 0.3701923076923078 0.6177884615384616 0.44230769230769246 0.6177884615384616
0 0.44230769230769246 0.6394230769230769 0.3822115384615386 0.6394230769230769 0.3822115384615386 0.6658653846153846 0.44230769230769246 0.6658653846153846
0 0.48557692307692324 0.5913461538461539 0.38942307692307704 0.5913461538461539 0.38942307692307704 0.6346153846153846 0.48557692307692324 0.6346153846153846
0 0.6850961538461539 0.5168269230769231 0.49278846153846156 0.5168269230769231 0.4927884615384616 0.5793269230769231 0.6850961538461539 0.5793269230769232
0 0.5889423076923077 0.4110576923076924 0.5480769230769231 0.4110576923076923 0.5480769230769231 0.43269230769230776 0.5889423076923077 0.4326923076923078
0 0.6153846153846154 0.6298076923076923 0.5697115384615385 0.6298076923076923 0.5697115384615385 0.6610576923076923 0.6153846153846154 0.6610576923076923
0 0.9615384615384616 0.3245192307692309 0.6201923076923077 0.3245192307692309 0.6201923076923077 0.4182692307692309 0.9615384615384616 0.4182692307692309
0 0.8028846153846154 0.4182692307692309 0.6634615384615384 0.4182692307692309 0.6634615384615384 0.5144230769230771 0.8028846153846154 0.5144230769230771
0 0.7163461538461539 0.2163461538461539 0.6658653846153846 0.2163461538461539 0.6658653846153846 0.31730769230769246 0.7163461538461539 0.31730769230769246