0 0.021634615384615453 0.5336538461538461 6.535374745449818e-17 0.5336538461538461 6.888638245203861e-17 0.5913461538461539 0.021634615384615453 0.5913461538461539
0 0.038461538461538505 0.3245192307692308 3.9742143722329966e-17 0.3245192307692308 4.872092434107859e-17 0.47115384615384615 0.03846153846153851 0.47115384615384615
0 0.06971153846153853 0.6057692307692307 0.03365384615384623 0.6057692307692307 0.033653846153846236 0.6634615384615384 0.06971153846153855 0.6634615384615384
0 0.11298076923076929 0.37259615384615385 0.06971153846153852 0.37259615384615385 0.06971153846153852 0.46153846153846156 0.1129807692307693 0.46153846153846156
0 0.11057692307692314 0.46634615384615385 0.07211538461538466 0.46634615384615385 0.07211538461538468 0.5456730769230769 0.11057692307692314 0.5456730769230769
0 0.1538461538461539 0.5673076923076923 0.12019230769230776 0.5673076923076923 0.12019230769230776 0.6754807692307693 0.1538461538461539 0.6754807692307693
0 0.25721153846153855 0.5673076923076923 0.19951923076923084 0.5673076923076923 0.19951923076923084 0.6875 0.25721153846153855 0.6875
0 0.3509615384615386 0.5745192307692307 0.3076923076923078 0.5745192307692307 0.3076923076923078 0.6899038461538461 0.3509615384615386 0.6899038461538461
0 0.53125 0.2283653846153847 0.33413461538461536 0.2283653846153847 0.33413461538461536 0.34375 0.53125 0.34375
0 0.4254807692307693 0.5048076923076923 0.36778846153846156 0.5048076923076923 0.3677884615384616 0.6875 0.4254807692307694 0.6875
0 0.47596153846153855 0.4831730769230769 0.43028846153846156 0.4831730769230769 0.4302884615384616 0.6826923076923077 0.4759615384615386 0.6826923076923077
0 0.71875 0.3317307692307693 0.5480769230769231 0.3317307692307692 0.5480769230769231 0.5048076923076924 0.71875 0.5048076923076924
0 0.6009615384615385 0.545673076923077 0.5504807692307693 0.5456730769230769 0.5504807692307693 0.7067307692307693 0.6009615384615385 0.7067307692307693
0 0.6658653846153846 0.5000000000000001 0.6057692307692307 0.5000000000000001 0.6057692307692308 0.7115384615384616 0.6658653846153846 0.7115384615384616
0 0.7331730769230769 0.512019230769231 0.6802884615384616 0.512019230769231 0.6802884615384616 0.7379807692307693 0.7331730769230769 0.7379807692307693
0 0.9495192307692307 0.028846153846153952 0.7764423076923077 0.02884615384615394 0.7764423076923077 0.3822115384615386 0.9495192307692307 0.3822115384615386