0 0.057692307692307813 0.9615384615384616 0.024038461538461658 0.9615384615384616 0.024038461538461658 0.9975961538461539 0.057692307692307813 0.9975961538461539
0 0.10096153846153855 0.6418269230769231 0.06250000000000008 0.6418269230769231 0.0625000000000001 0.9519230769230769 0.10096153846153856 0.9519230769230769
0 0.3125000000000001 0.5721153846153846 0.25721153846153855 0.5721153846153846 0.25721153846153855 0.7596153846153846 0.3125000000000001 0.7596153846153846
0 0.4014423076923078 0.7956730769230769 0.3677884615384617 0.7956730769230769 0.3677884615384617 0.9711538461538461 0.4014423076923078 0.9711538461538461
0 0.5985576923076924 0.528846153846154 0.4230769230769231 0.5288461538461539 0.42307692307692313 0.7596153846153846 0.5985576923076924 0.7596153846153846
0 0.5865384615384616 0.16346153846153852 0.42788461538461536 0.16346153846153852 0.42788461538461536 0.2475961538461539 0.5865384615384616 0.2475961538461539
0 0.5889423076923077 0.3677884615384616 0.42788461538461536 0.36778846153846156 0.42788461538461536 0.5192307692307693 0.5889423076923077 0.5192307692307694
0 0.6298076923076923 0.8317307692307693 0.4927884615384617 0.8317307692307693 0.4927884615384617 0.9711538461538461 0.6298076923076923 0.9711538461538461
0 0.7980769230769231 0.5552884615384617 0.7211538461538461 0.5552884615384617 0.7211538461538461 0.7475961538461539 0.7980769230769231 0.7475961538461539
0 0.8653846153846154 0.7524038461538461 0.7884615384615384 0.7524038461538461 0.7884615384615384 0.8293269230769231 0.8653846153846154 0.8293269230769231
0 0.9278846153846154 0.5000000000000001 0.8629807692307693 0.5000000000000001 0.8629807692307693 0.7259615384615384 0.9278846153846154 0.7259615384615384
0 0.9254807692307693 0.7139423076923077 0.8725961538461539 0.7139423076923077 0.8725961538461539 0.8605769230769231 0.9254807692307693 0.8605769230769231