0 0.8173076923076923 0.26682692307692313 0.6754807692307693 0.26682692307692313 0.6754807692307693 0.5048076923076924 0.8173076923076923 0.5048076923076924
0 0.19471153846153846 1.1922643116698992e-17 0 0 9.420359993441178e-18 0.15384615384615385 0.19471153846153846 0.15384615384615385
0 0.23557692307692318 0.4807692307692308 0.11057692307692314 0.4807692307692308 0.11057692307692316 0.8413461538461539 0.2355769230769232 0.8413461538461539
0 0.25961538461538464 0.1875 0.16826923076923078 0.1875 0.1682692307692308 0.47115384615384615 0.2596153846153847 0.47115384615384615
0 0.2692307692307692 2.7377921230938423e-17 0.1778846153846154 2.1784582484832726e-17 0.1778846153846154 0.18990384615384615 0.2692307692307692 0.18990384615384615
0 0.3004807692307692 3.4001611851326756e-17 0.2548076923076923 3.1204942478273906e-17 0.2548076923076923 0.21394230769230774 0.3004807692307692 0.21394230769230776
0 0.31009615384615397 0.7163461538461539 0.2860576923076924 0.7163461538461539 0.2860576923076924 0.7788461538461539 0.31009615384615397 0.7788461538461539
0 0.42788461538461553 0.5649038461538461 0.39663461538461553 0.5649038461538461 0.39663461538461553 0.6129807692307693 0.42788461538461553 0.6129807692307693
0 0.5312500000000001 0.5769230769230769 0.4879807692307694 0.5769230769230769 0.4879807692307694 0.625 0.5312500000000001 0.625
0 0.6706730769230769 0.3365384615384617 0.6009615384615384 0.3365384615384617 0.6009615384615384 0.4447115384615386 0.6706730769230769 0.4447115384615386
0 0.6514423076923077 0.8317307692307693 0.6153846153846154 0.8317307692307693 0.6153846153846154 0.8918269230769231 0.6514423076923077 0.8918269230769231
0 0.7067307692307693 0.8293269230769231 0.65625 0.8293269230769231 0.65625 0.8653846153846154 0.7067307692307693 0.8653846153846154
0 0.9975961538461539 1.0965887804865121e-16 0.7932692307692307 9.714746243236215e-17 0.7932692307692307 0.22115384615384626 0.9975961538461539 0.22115384615384628
0 0.84375 0.8125 0.8004807692307693 0.8125 0.8004807692307693 0.8389423076923077 0.84375 0.8389423076923077
0 0.9975961538461539 0.47836538461538475 0.8918269230769231 0.47836538461538475 0.8918269230769231 0.7163461538461539 0.9975961538461539 0.7163461538461539