0 0.17548076923076927 1.0745098117518846e-17 0 0 2.3698093108500466e-17 0.3870192307692308 0.1754807692307693 0.3870192307692308
0 0.16826923076923084 0.4182692307692308 0.09615384615384619 0.4182692307692308 0.0961538461538462 0.53125 0.16826923076923084 0.53125
0 0.6081730769230769 4.4599516843948075e-17 0.1201923076923077 1.4719312489751842e-17 0.12019230769230772 0.5360576923076924 0.6081730769230769 0.5360576923076924
0 0.26201923076923084 0.4375 0.19471153846153852 0.4375 0.19471153846153852 0.5528846153846154 0.26201923076923084 0.5528846153846154
0 0.3365384615384616 0.39663461538461536 0.28125000000000006 0.39663461538461536 0.28125000000000006 0.5697115384615384 0.3365384615384617 0.5697115384615384
0 0.5432692307692307 0.40865384615384615 0.35336538461538464 0.40865384615384615 0.35336538461538464 0.5288461538461539 0.5432692307692307 0.5288461538461539
0 0.65625 0.2067307692307693 0.6033653846153846 0.2067307692307693 0.6033653846153846 0.4447115384615386 0.65625 0.4447115384615386
0 0.7043269230769231 0.3509615384615386 0.6586538461538461 0.3509615384615386 0.6586538461538461 0.4639423076923078 0.7043269230769231 0.4639423076923078
0 0.7091346153846154 0.19471153846153852 0.6634615384615384 0.19471153846153852 0.6634615384615384 0.2692307692307693 0.7091346153846154 0.2692307692307693
0 0.7139423076923077 0.2692307692307693 0.6682692307692307 0.2692307692307693 0.6682692307692307 0.3149038461538463 0.7139423076923077 0.3149038461538463
0 0.8918269230769231 0.012019230769230874 0.8173076923076923 0.012019230769230867 0.8173076923076923 0.06971153846153856 0.8918269230769231 0.06971153846153856
0 0.8918269230769231 0.23076923076923087 0.8317307692307693 0.23076923076923084 0.8317307692307693 0.2812500000000001 0.8918269230769231 0.2812500000000001
0 0.8990384615384616 0.14903846153846165 0.8341346153846154 0.14903846153846165 0.8341346153846154 0.23076923076923087 0.8990384615384616 0.2307692307692309
0 0.9038461538461539 0.2836538461538463 0.8389423076923077 0.2836538461538463 0.8389423076923077 0.4014423076923078 0.9038461538461539 0.4014423076923078
0 0.9038461538461539 0.3870192307692309 0.8413461538461539 0.3870192307692309 0.8413461538461539 0.512019230769231 0.9038461538461539 0.512019230769231
0 0.8990384615384616 0.512019230769231 0.8485576923076923 0.512019230769231 0.8485576923076923 0.5985576923076924 0.8990384615384616 0.5985576923076924