0 0.06971153846153856 0.7860576923076923 0.019230769230769326 0.7860576923076923 0.019230769230769332 0.8846153846153846 0.06971153846153856 0.8846153846153846
0 0.10817307692307701 0.6778846153846154 0.076923076923077 0.6778846153846154 0.07692307692307701 0.8846153846153846 0.10817307692307702 0.8846153846153846
0 0.12019230769230779 0.9375 0.09615384615384626 0.9375 0.09615384615384626 0.9615384615384616 0.12019230769230779 0.9615384615384616
0 0.17788461538461547 0.4567307692307692 0.12980769230769237 0.4567307692307692 0.1298076923076924 0.8894230769230769 0.17788461538461553 0.8894230769230769
0 0.18509615384615394 0.8293269230769231 0.15625000000000006 0.8293269230769231 0.1562500000000001 0.8701923076923077 0.185096153846154 0.8701923076923077
0 0.21875000000000003 0.15865384615384615 0.15865384615384615 0.15865384615384615 0.1586538461538462 0.44471153846153844 0.21875000000000006 0.44471153846153844
0 0.19471153846153852 0.7067307692307693 0.1658653846153847 0.7067307692307693 0.1658653846153847 0.7548076923076923 0.19471153846153852 0.7548076923076923
0 0.20192307692307698 0.6442307692307693 0.17067307692307698 0.6442307692307693 0.17067307692307698 0.6923076923076923 0.20192307692307698 0.6923076923076923
0 0.20192307692307704 0.8221153846153846 0.18269230769230776 0.8221153846153846 0.1826923076923078 0.9399038461538461 0.20192307692307707 0.9399038461538461
0 0.2067307692307693 0.6826923076923077 0.18750000000000006 0.6826923076923077 0.18750000000000006 0.8149038461538461 0.2067307692307693 0.8149038461538461
0 0.20913461538461545 0.6153846153846154 0.1971153846153847 0.6153846153846154 0.1971153846153847 0.6850961538461539 0.20913461538461545 0.6850961538461539
0 0.2163461538461539 0.5528846153846154 0.19951923076923084 0.5528846153846154 0.19951923076923084 0.6153846153846154 0.2163461538461539 0.6153846153846154
0 0.21875000000000006 0.47836538461538464 0.20192307692307698 0.47836538461538464 0.20192307692307698 0.5456730769230769 0.21875000000000006 0.5456730769230769
0 0.22355769230769237 0.4182692307692308 0.20913461538461545 0.4182692307692308 0.20913461538461545 0.4807692307692308 0.22355769230769237 0.4807692307692308
0 0.2836538461538462 0.2524038461538462 0.2283653846153846 0.25240384615384615 0.22836538461538464 0.44711538461538464 0.2836538461538462 0.44711538461538464
0 0.34615384615384615 0.24278846153846156 0.2764423076923077 0.24278846153846154 0.2764423076923077 0.43509615384615385 0.34615384615384615 0.43509615384615385
0 0.3004807692307694 0.8822115384615384 0.2884615384615386 0.8822115384615384 0.2884615384615386 0.9206730769230769 0.3004807692307694 0.9206730769230769
0 0.3197115384615386 0.8629807692307693 0.3004807692307694 0.8629807692307693 0.3004807692307694 0.9182692307692307 0.3197115384615386 0.9182692307692307
0 0.32692307692307704 0.7451923076923077 0.3004807692307693 0.7451923076923077 0.3004807692307693 0.8028846153846154 0.32692307692307704 0.8028846153846154
0 0.3245192307692309 0.8052884615384616 0.3004807692307693 0.8052884615384616 0.30048076923076933 0.8629807692307693 0.3245192307692309 0.8629807692307693
0 0.32692307692307704 0.6850961538461539 0.3052884615384616 0.6850961538461539 0.3052884615384616 0.75 0.32692307692307704 0.75
0 0.32932692307692324 0.6346153846153846 0.3052884615384616 0.6346153846153846 0.3052884615384616 0.6778846153846154 0.32932692307692324 0.6778846153846154
0 0.3317307692307693 0.5096153846153846 0.3125 0.5096153846153846 0.31250000000000006 0.6298076923076923 0.3317307692307694 0.6298076923076923
0 0.37980769230769246 0.8004807692307693 0.3197115384615386 0.8004807692307693 0.3197115384615386 0.8461538461538461 0.37980769230769246 0.8461538461538461
0 0.3629807692307694 0.8870192307692307 0.32211538461538475 0.8870192307692307 0.32211538461538475 0.9230769230769231 0.3629807692307694 0.9230769230769231
0 0.3750000000000001 0.7211538461538461 0.32692307692307704 0.7211538461538461 0.32692307692307704 0.7716346153846154 0.3750000000000001 0.7716346153846154
0 0.3750000000000001 0.6370192307692307 0.32932692307692324 0.6370192307692307 0.32932692307692324 0.6923076923076923 0.3750000000000001 0.6923076923076923
0 0.3774038461538463 0.5600961538461539 0.32932692307692324 0.5600961538461539 0.32932692307692324 0.6225961538461539 0.3774038461538463 0.6225961538461539
0 0.39903846153846156 0.3317307692307692 0.3317307692307692 0.3317307692307692 0.3317307692307692 0.41346153846153844 0.39903846153846156 0.41346153846153844
0 0.3798076923076923 0.4879807692307692 0.33413461538461536 0.4879807692307692 0.33413461538461536 0.5456730769230769 0.3798076923076923 0.5456730769230769
0 0.40625 0.21394230769230776 0.34134615384615385 0.21394230769230776 0.34134615384615385 0.3629807692307692 0.40625 0.3629807692307692
0 0.40625 0.07692307692307696 0.34375 0.07692307692307696 0.34375 0.2548076923076924 0.40625 0.2548076923076924
0 0.3870192307692308 0.40865384615384615 0.35096153846153844 0.40865384615384615 0.35096153846153844 0.4543269230769231 0.3870192307692308 0.4543269230769231
0 0.4062500000000001 0.8485576923076923 0.3701923076923078 0.8485576923076923 0.3701923076923078 0.9302884615384616 0.4062500000000001 0.9302884615384616
0 0.40384615384615397 0.9375 0.3701923076923078 0.9375 0.3701923076923078 0.9735576923076923 0.40384615384615397 0.9735576923076923
0 0.3990384615384617 0.6947115384615384 0.3774038461538463 0.6947115384615384 0.3774038461538463 0.8413461538461539 0.3990384615384617 0.8413461538461539
0 0.3990384615384617 0.6225961538461539 0.3774038461538463 0.6225961538461539 0.3774038461538463 0.6850961538461539 0.3990384615384617 0.6850961538461539
0 0.40625000000000006 0.5480769230769231 0.38221153846153844 0.5480769230769231 0.38221153846153855 0.6153846153846154 0.4062500000000001 0.6153846153846154
0 0.40865384615384615 0.47115384615384615 0.38461538461538464 0.47115384615384615 0.38461538461538464 0.5432692307692307 0.40865384615384615 0.5432692307692307
0 0.40384615384615385 0.40625 0.3870192307692308 0.40625 0.3870192307692308 0.46634615384615385 0.40384615384615385 0.46634615384615385
0 0.4110576923076923 0.3389423076923077 0.3918269230769231 0.3389423076923077 0.3918269230769231 0.39903846153846156 0.4110576923076923 0.39903846153846156
0 0.4831730769230769 0.012019230769230825 0.4110576923076923 0.01201923076923082 0.4110576923076923 0.3245192307692308 0.4831730769230769 0.3245192307692308
0 0.4447115384615386 0.8461538461538461 0.42067307692307704 0.8461538461538461 0.42067307692307704 0.9110576923076923 0.4447115384615386 0.9110576923076923
0 0.4759615384615386 0.7259615384615384 0.45913461538461553 0.7259615384615384 0.45913461538461553 0.9182692307692307 0.4759615384615386 0.9182692307692307
0 0.5504807692307693 0.3870192307692308 0.47596153846153844 0.3870192307692308 0.47596153846153855 0.5649038461538461 0.5504807692307694 0.5649038461538461
0 0.5528846153846155 0.5625 0.4759615384615386 0.5625 0.4759615384615386 0.6490384615384616 0.5528846153846155 0.6490384615384616
0 0.6153846153846154 6.726725807816591e-17 0.4831730769230769 5.91716362088024e-17 0.4831730769230769 0.12259615384615391 0.6153846153846154 0.12259615384615391
0 0.5168269230769232 0.8701923076923077 0.4951923076923078 0.8701923076923077 0.4951923076923078 0.9182692307692307 0.5168269230769232 0.9182692307692307
0 0.5480769230769232 0.8942307692307693 0.5264423076923078 0.8942307692307693 0.5264423076923078 0.9254807692307693 0.5480769230769232 0.9254807692307693
0 0.5697115384615385 0.7115384615384616 0.5456730769230771 0.7115384615384616 0.5456730769230771 0.7764423076923077 0.5697115384615385 0.7764423076923077
0 0.5673076923076924 0.6105769230769231 0.5480769230769232 0.6105769230769231 0.5480769230769232 0.65625 0.5673076923076924 0.65625
0 0.5673076923076923 0.264423076923077 0.5480769230769231 0.264423076923077 0.5480769230769231 0.35576923076923084 0.5673076923076923 0.3557692307692309
0 0.5673076923076924 0.7668269230769231 0.5480769230769232 0.7668269230769231 0.5480769230769232 0.8149038461538461 0.5673076923076924 0.8149038461538461
0 0.5697115384615384 0.35576923076923084 0.5480769230769231 0.3557692307692308 0.5480769230769231 0.3990384615384616 0.5697115384615384 0.3990384615384617
0 0.5697115384615384 0.40144230769230776 0.5480769230769231 0.4014423076923077 0.5480769230769231 0.451923076923077 0.5697115384615384 0.45192307692307704
0 0.5625 0.5048076923076924 0.5504807692307693 0.5048076923076923 0.5504807692307693 0.5480769230769231 0.5625 0.5480769230769232
0 0.5697115384615385 0.6658653846153846 0.5504807692307694 0.6658653846153846 0.5504807692307694 0.7163461538461539 0.5697115384615385 0.7163461538461539
0 0.5649038461538463 0.5552884615384616 0.5504807692307693 0.5552884615384616 0.5504807692307693 0.608173076923077 0.5649038461538463 0.6081730769230771
0 0.5673076923076923 0.4567307692307693 0.5528846153846154 0.4567307692307692 0.5528846153846154 0.5096153846153847 0.5673076923076923 0.5096153846153848
0 0.6778846153846154 0.6778846153846154 0.5649038461538463 0.6778846153846154 0.5649038461538463 0.8149038461538461 0.6778846153846154 0.8149038461538461
0 0.6057692307692308 0.21875000000000006 0.5721153846153846 0.21875000000000006 0.5721153846153847 0.6778846153846154 0.605769230769231 0.6778846153846154
0 0.6682692307692307 0.8125 0.5865384615384617 0.8125 0.5865384615384617 0.8533653846153846 0.6682692307692307 0.8533653846153846
0 0.6346153846153846 0.19951923076923084 0.6033653846153846 0.19951923076923084 0.6033653846153847 0.6706730769230769 0.6346153846153846 0.6706730769230769
0 0.6754807692307693 0.18269230769230776 0.6322115384615384 0.18269230769230776 0.6322115384615384 0.6682692307692307 0.6754807692307693 0.6682692307692307
0 0.6923076923076923 0.7572115384615384 0.6634615384615384 0.7572115384615384 0.6634615384615384 0.8557692307692307 0.6923076923076923 0.8557692307692307
0 0.7524038461538461 0.12019230769230778 0.6971153846153846 0.12019230769230776 0.6971153846153846 0.47836538461538475 0.7524038461538461 0.47836538461538475
0 0.78125 0.8629807692307693 0.6995192307692307 0.8629807692307693 0.6995192307692307 0.9158653846153846 0.78125 0.9158653846153846
0 0.8125 0.528846153846154 0.7788461538461539 0.528846153846154 0.7788461538461539 0.6826923076923077 0.8125 0.6826923076923077
0 0.9975961538461539 0.3149038461538463 0.9807692307692307 0.3149038461538463 0.9807692307692307 0.3942307692307694 0.9975961538461539 0.3942307692307694
0 1 0.3990384615384617 0.9879807692307693 0.3990384615384617 0.9879807692307693 0.4447115384615386 1 0.4447115384615386
0 1 0.44711538461538475 0.9927884615384616 0.44711538461538475 0.9927884615384616 0.4951923076923078 1 0.4951923076923078