0 0.16105769230769237 0.43028846153846156 5.2695138713311594e-17 0.43028846153846156 6.432339558021555e-17 0.6201923076923077 0.16105769230769237 0.6201923076923077
0 0.1682692307692308 0.22596153846153846 2.767230748073346e-17 0.22596153846153846 4.209723372069027e-17 0.46153846153846156 0.16826923076923084 0.46153846153846156
0 0.2860576923076924 0.4951923076923077 0.20432692307692316 0.4951923076923077 0.20432692307692316 0.6274038461538461 0.2860576923076924 0.6274038461538461
0 0.6418269230769231 0.36057692307692313 0.5552884615384616 0.3605769230769231 0.5552884615384616 0.4158653846153847 0.6418269230769231 0.41586538461538475
0 0.6346153846153846 0.42307692307692324 0.5745192307692307 0.42307692307692324 0.5745192307692307 0.44230769230769246 0.6346153846153846 0.44230769230769246
0 0.65625 0.44711538461538475 0.5769230769230769 0.44711538461538475 0.5769230769230769 0.512019230769231 0.65625 0.512019230769231
0 0.6634615384615384 0.5168269230769232 0.5769230769230769 0.5168269230769232 0.576923076923077 0.5985576923076924 0.6634615384615384 0.5985576923076924
0 0.6586538461538461 0.6081730769230771 0.5937500000000001 0.6081730769230771 0.5937500000000001 0.6370192307692307 0.6586538461538461 0.6370192307692307
0 0.6730769230769231 0.6514423076923077 0.6009615384615385 0.6514423076923077 0.6009615384615385 0.6778846153846154 0.6730769230769231 0.6778846153846154
0 0.8798076923076923 0.605769230769231 0.7860576923076923 0.605769230769231 0.7860576923076923 0.6298076923076923 0.8798076923076923 0.6298076923076923
0 0.90625 0.6009615384615385 0.8798076923076923 0.6009615384615385 0.8798076923076923 0.6634615384615384 0.90625 0.6634615384615384