0 0.06490384615384617 3.9742143722329985e-18 0 0 2.3256513733807912e-17 0.3798076923076923 0.0649038461538462 0.3798076923076923
0 0.21394230769230776 0.4326923076923077 0.03125000000000005 0.4326923076923077 0.03125000000000006 0.6514423076923077 0.21394230769230776 0.6514423076923077
0 0.2716346153846154 1.8840719986882357e-17 0.036057692307692304 4.415793746925553e-18 0.03605769230769233 0.4014423076923077 0.2716346153846155 0.4014423076923077
0 0.3677884615384616 0.5576923076923077 0.24519230769230776 0.5576923076923077 0.24519230769230776 0.6754807692307693 0.3677884615384617 0.6754807692307693
0 0.3918269230769231 4.5629868718230704e-17 0.35336538461538464 4.3274778719870414e-17 0.35336538461538464 0.21875000000000006 0.3918269230769231 0.21875000000000006
0 0.4110576923076923 0.21875000000000006 0.36778846153846156 0.21875000000000006 0.36778846153846156 0.43990384615384615 0.4110576923076923 0.43990384615384615
0 0.44951923076923084 0.47596153846153844 0.4182692307692308 0.47596153846153844 0.41826923076923084 0.6634615384615384 0.4495192307692309 0.6634615384615384
0 0.4543269230769231 5.387268371249174e-17 0.4254807692307692 5.210636621372152e-17 0.4254807692307692 0.34375 0.4543269230769231 0.34375
0 0.49519230769230776 0.5264423076923077 0.4639423076923077 0.5264423076923077 0.46394230769230776 0.5841346153846154 0.4951923076923078 0.5841346153846154
0 0.6802884615384616 0.2596153846153847 0.6105769230769231 0.2596153846153847 0.6105769230769231 0.3942307692307694 0.6802884615384616 0.3942307692307694
0 0.6682692307692307 0.12019230769230776 0.6105769230769231 0.12019230769230776 0.6105769230769231 0.25721153846153855 0.6682692307692307 0.25721153846153855
0 0.6875 0.4086538461538463 0.6129807692307693 0.4086538461538463 0.6129807692307693 0.6129807692307694 0.6875 0.6129807692307694
0 0.7067307692307693 0.3822115384615386 0.6754807692307693 0.3822115384615386 0.6754807692307693 0.5264423076923078 0.7067307692307693 0.5264423076923078
0 0.7139423076923077 0.5360576923076924 0.6802884615384616 0.5360576923076924 0.6802884615384616 0.625 0.7139423076923077 0.625
0 0.8293269230769231 0.3028846153846155 0.7764423076923077 0.3028846153846155 0.7764423076923077 0.3701923076923078 0.8293269230769231 0.3701923076923078
0 0.8798076923076923 0.44230769230769246 0.8125 0.44230769230769246 0.8125 0.5480769230769232 0.8798076923076923 0.5480769230769232
0 0.8725961538461539 0.5336538461538463 0.8269230769230769 0.5336538461538463 0.8269230769230769 0.6490384615384616 0.8725961538461539 0.6490384615384616
0 0.90625 0.2668269230769232 0.8341346153846154 0.26682692307692313 0.8341346153846154 0.3701923076923078 0.90625 0.3701923076923078
0 0.9254807692307693 0.4302884615384617 0.8701923076923077 0.4302884615384617 0.8701923076923077 0.5048076923076924 0.9254807692307693 0.5048076923076924
0 0.9302884615384616 0.48317307692307704 0.8798076923076923 0.48317307692307704 0.8798076923076923 0.6442307692307693 0.9302884615384616 0.6442307692307693