0 0.7067307692307693 0.32932692307692324 0.5817307692307693 0.32932692307692324 0.5817307692307693 0.5961538461538463 0.7067307692307693 0.5961538461538463
0 0.0552884615384616 0.30288461538461536 0.02163461538461542 0.30288461538461536 0.021634615384615443 0.6899038461538461 0.05528846153846163 0.6899038461538461
0 0.1346153846153847 0.5576923076923077 0.08413461538461545 0.5576923076923077 0.08413461538461547 0.7019230769230769 0.13461538461538472 0.7019230769230769
0 0.1754807692307693 0.4543269230769231 0.12500000000000006 0.4543269230769231 0.12500000000000006 0.5168269230769231 0.1754807692307693 0.5168269230769231
0 0.17307692307692316 0.5168269230769231 0.12500000000000006 0.5168269230769231 0.12500000000000006 0.5649038461538461 0.17307692307692316 0.5649038461538461
0 0.17788461538461545 0.5576923076923077 0.12980769230769237 0.5576923076923077 0.12980769230769237 0.6322115384615384 0.17788461538461545 0.6322115384615384
0 0.17307692307692316 0.7235576923076923 0.14903846153846165 0.7235576923076923 0.14903846153846165 0.7716346153846154 0.17307692307692316 0.7716346153846154
0 0.3389423076923078 0.6875 0.3245192307692309 0.6875 0.3245192307692309 0.7211538461538461 0.3389423076923078 0.7211538461538461
0 0.4278846153846155 0.5360576923076923 0.375 0.5360576923076923 0.37500000000000006 0.7331730769230769 0.42788461538461553 0.7331730769230769
0 0.5096153846153847 0.4831730769230769 0.41586538461538464 0.4831730769230769 0.4158653846153847 0.6033653846153846 0.5096153846153848 0.6033653846153846
0 0.4879807692307694 0.6346153846153846 0.4254807692307694 0.6346153846153846 0.4254807692307694 0.7644230769230769 0.4879807692307694 0.7644230769230769
0 0.5889423076923077 0.43269230769230776 0.49278846153846156 0.4326923076923077 0.4927884615384616 0.6875 0.5889423076923078 0.6875
0 0.6730769230769231 0.6442307692307693 0.6105769230769232 0.6442307692307693 0.6105769230769232 0.7644230769230769 0.6730769230769231 0.7644230769230769
0 0.8822115384615384 0.20913461538461547 0.6995192307692307 0.20913461538461545 0.6995192307692307 0.5168269230769232 0.8822115384615384 0.5168269230769232
0 1 0.12259615384615397 0.8605769230769231 0.12259615384615395 0.8605769230769231 0.3076923076923078 1 0.3076923076923078
0 1 0.5096153846153848 0.8725961538461539 0.5096153846153848 0.8725961538461539 0.6225961538461539 1 0.6225961538461539
0 1 0.2524038461538463 0.875 0.2524038461538463 0.875 0.5048076923076924 1 0.5048076923076924