0 0.2548076923076924 0.75 0.15625000000000006 0.75 0.1562500000000001 0.8942307692307693 0.25480769230769246 0.8942307692307693
0 0.39663461538461553 0.8894230769230769 0.22836538461538475 0.8894230769230769 0.22836538461538475 0.9711538461538461 0.39663461538461553 0.9711538461538461
0 0.5096153846153848 0.6706730769230769 0.24278846153846162 0.6706730769230769 0.24278846153846165 0.8870192307692307 0.5096153846153848 0.8870192307692307
0 0.3966346153846155 0.3942307692307692 0.2475961538461539 0.3942307692307692 0.2475961538461539 0.6490384615384616 0.39663461538461553 0.6490384615384616
0 0.5120192307692308 0.5456730769230769 0.38461538461538464 0.5456730769230769 0.3846153846153847 0.7115384615384616 0.512019230769231 0.7115384615384616
0 0.5168269230769232 0.7043269230769231 0.45913461538461553 0.7043269230769231 0.45913461538461553 0.8846153846153846 0.5168269230769232 0.8846153846153846
0 0.6322115384615384 0.6658653846153846 0.5096153846153848 0.6658653846153846 0.5096153846153848 0.7620192307692307 0.6322115384615384 0.7620192307692307
0 0.6490384615384616 0.420673076923077 0.5144230769230769 0.4206730769230769 0.514423076923077 0.7115384615384616 0.6490384615384616 0.7115384615384616
0 0.6322115384615384 0.7644230769230769 0.5961538461538463 0.7644230769230769 0.5961538461538463 0.8894230769230769 0.6322115384615384 0.8894230769230769
0 0.6778846153846154 0.7788461538461539 0.6274038461538461 0.7788461538461539 0.6274038461538461 0.9086538461538461 0.6778846153846154 0.9086538461538461
0 0.71875 0.6490384615384616 0.6466346153846154 0.6490384615384616 0.6466346153846154 0.7740384615384616 0.71875 0.7740384615384616
0 0.84375 0.5961538461538463 0.7331730769230769 0.5961538461538463 0.7331730769230769 0.7163461538461539 0.84375 0.7163461538461539