0 0.05048076923076928 0.3870192307692308 4.739618621700093e-17 0.3870192307692308 5.137040058923393e-17 0.4519230769230769 0.05048076923076928 0.4519230769230769
0 0.057692307692307716 0.11778846153846154 1.4424926239956805e-17 0.11778846153846154 2.0165458110960024e-17 0.21153846153846154 0.05769230769230772 0.21153846153846154
0 0.14663461538461545 0.5360576923076923 0.13221153846153852 0.5360576923076923 0.13221153846153852 0.5817307692307693 0.14663461538461545 0.5817307692307693
0 0.15625000000000006 0.5432692307692307 0.14663461538461545 0.5432692307692307 0.14663461538461545 0.5793269230769231 0.15625000000000006 0.5793269230769231
0 0.34615384615384615 0.4735576923076923 0.31009615384615385 0.4735576923076923 0.31009615384615385 0.5216346153846154 0.34615384615384615 0.5216346153846154
0 0.34375 0.5216346153846154 0.3125 0.5216346153846154 0.3125 0.5360576923076923 0.34375 0.5360576923076923
0 0.4014423076923077 0.46153846153846156 0.33413461538461536 0.46153846153846156 0.33413461538461536 0.49759615384615385 0.4014423076923077 0.49759615384615385
0 0.4903846153846155 0.4639423076923077 0.39903846153846156 0.4639423076923077 0.3990384615384616 0.5793269230769231 0.49038461538461553 0.5793269230769231
0 0.4807692307692309 0.5817307692307693 0.41586538461538475 0.5817307692307693 0.41586538461538475 0.6153846153846154 0.4807692307692309 0.6153846153846154
0 0.514423076923077 0.4735576923076923 0.4855769230769231 0.4735576923076923 0.48557692307692313 0.5985576923076923 0.5144230769230771 0.5985576923076923
0 0.625 0.2524038461538462 0.5841346153846154 0.2524038461538462 0.5841346153846154 0.4134615384615386 0.625 0.4134615384615386
0 0.7644230769230769 0.009615384615384701 0.625 0.009615384615384692 0.625 0.5144230769230771 0.7644230769230769 0.5144230769230771