0 0.1274038461538462 7.801235619568478e-18 0 0 2.5758796857065724e-17 0.4206730769230769 0.12740384615384623 0.4206730769230769
0 0.16586538461538464 0.22115384615384615 0.08413461538461542 0.22115384615384615 0.08413461538461543 0.53125 0.1658653846153847 0.53125
0 0.15865384615384623 0.7019230769230769 0.0937500000000001 0.7019230769230769 0.0937500000000001 0.7475961538461539 0.15865384615384623 0.7475961538461539
0 0.2067307692307693 0.5456730769230769 0.1754807692307693 0.5456730769230769 0.1754807692307693 0.7067307692307693 0.2067307692307693 0.7067307692307693
0 0.2355769230769231 0.27163461538461536 0.1875 0.27163461538461536 0.18750000000000003 0.5360576923076923 0.23557692307692316 0.5360576923076923
0 0.2524038461538462 0.59375 0.22596153846153852 0.59375 0.22596153846153852 0.6923076923076923 0.2524038461538462 0.6923076923076923
0 0.5192307692307693 0.295673076923077 0.4807692307692308 0.295673076923077 0.4807692307692308 0.5456730769230769 0.5192307692307693 0.5456730769230769
0 0.5264423076923078 0.5817307692307693 0.4951923076923078 0.5817307692307693 0.4951923076923078 0.6971153846153846 0.5264423076923078 0.6971153846153846
0 0.560096153846154 0.5649038461538463 0.5240384615384617 0.5649038461538461 0.5240384615384617 0.7259615384615384 0.560096153846154 0.7259615384615384
0 0.7572115384615384 7.977867369445499e-17 0.5456730769230769 6.682567870347336e-17 0.5456730769230769 0.483173076923077 0.7572115384615384 0.48317307692307704
0 0.6225961538461539 0.574519230769231 0.560096153846154 0.574519230769231 0.560096153846154 0.6899038461538461 0.6225961538461539 0.6899038461538461
0 0.6394230769230769 0.7379807692307693 0.5697115384615385 0.7379807692307693 0.5697115384615385 0.7764423076923077 0.6394230769230769 0.7764423076923077
0 0.8365384615384616 0.4711538461538463 0.7620192307692307 0.4711538461538463 0.7620192307692307 0.625 0.8365384615384616 0.625
0 1 0.07692307692307704 0.8365384615384616 0.07692307692307702 0.8365384615384616 0.40384615384615397 1 0.40384615384615397
0 0.9543269230769231 0.6346153846153846 0.8701923076923077 0.6346153846153846 0.8701923076923077 0.7043269230769231 0.9543269230769231 0.7043269230769231
0 0.96875 0.7019230769230769 0.8774038461538461 0.7019230769230769 0.8774038461538461 0.7836538461538461 0.96875 0.7836538461538461