0 0.05769230769230776 0.47115384615384615 0.004807692307692365 0.47115384615384615 0.004807692307692378 0.6730769230769231 0.05769230769230778 0.6730769230769231
0 0.026442307692307782 0.6730769230769231 0.007211538461538545 0.6730769230769231 0.007211538461538552 0.8004807692307693 0.026442307692307786 0.8004807692307693
0 0.060096153846153896 0.36778846153846156 0.007211538461538506 0.36778846153846156 0.007211538461538513 0.47596153846153844 0.060096153846153896 0.47596153846153844
0 0.11057692307692316 0.625 0.052884615384615453 0.625 0.05288461538461547 0.7836538461538461 0.11057692307692318 0.7836538461538461
0 0.11298076923076932 0.6322115384615384 0.10096153846153853 0.6322115384615384 0.10096153846153855 0.8076923076923077 0.11298076923076933 0.8076923076923077
0 0.12500000000000008 0.5745192307692307 0.10096153846153853 0.5745192307692307 0.10096153846153855 0.7163461538461539 0.1250000000000001 0.7163461538461539
0 0.139423076923077 0.5600961538461539 0.1177884615384616 0.5600961538461539 0.11778846153846162 0.6995192307692307 0.13942307692307704 0.6995192307692307
0 0.15865384615384623 0.5432692307692307 0.12740384615384623 0.5432692307692307 0.12740384615384623 0.6995192307692307 0.15865384615384623 0.6995192307692307
0 0.2716346153846154 0.21394230769230768 0.20192307692307693 0.21394230769230768 0.20192307692307696 0.42788461538461536 0.2716346153846155 0.42788461538461536
0 0.28125000000000006 0.43990384615384615 0.24038461538461545 0.43990384615384615 0.24038461538461545 0.6850961538461539 0.28125000000000006 0.6850961538461539
0 0.3317307692307692 0.06009615384615388 0.2668269230769231 0.06009615384615388 0.26682692307692313 0.35096153846153844 0.3317307692307692 0.35096153846153844
0 0.4951923076923077 0.028846153846153893 0.2692307692307692 0.02884615384615388 0.2692307692307693 0.4110576923076923 0.4951923076923077 0.4110576923076923
0 0.4735576923076924 0.43509615384615385 0.28125000000000006 0.43509615384615385 0.28125000000000006 0.6754807692307693 0.47355769230769246 0.6754807692307693
0 0.5961538461538463 0.38221153846153855 0.4855769230769231 0.38221153846153844 0.48557692307692313 0.6730769230769231 0.5961538461538463 0.6730769230769231
0 0.6418269230769231 0.36057692307692324 0.5985576923076923 0.36057692307692324 0.5985576923076924 0.6442307692307693 0.6418269230769231 0.6442307692307693
0 0.8822115384615384 0.2620192307692309 0.6442307692307693 0.26201923076923084 0.6442307692307693 0.6225961538461539 0.8822115384615384 0.6225961538461539
0 1 0.5937500000000001 0.8197115384615384 0.5937500000000001 0.8197115384615384 0.7596153846153846 1 0.7596153846153846
0 1 0.20673076923076936 0.9038461538461539 0.20673076923076936 0.9038461538461539 0.5961538461538463 1 0.5961538461538463