0 0.07932692307692313 0.4014423076923077 0.028846153846153896 0.4014423076923077 0.028846153846153903 0.49759615384615385 0.07932692307692314 0.49759615384615385
0 0.1538461538461539 0.38461538461538464 0.06730769230769236 0.38461538461538464 0.06730769230769236 0.4855769230769231 0.1538461538461539 0.4855769230769231
0 0.19230769230769237 0.6923076923076923 0.1442307692307693 0.6923076923076923 0.14423076923076933 0.8076923076923077 0.19230769230769237 0.8076923076923077
0 0.2067307692307693 0.3942307692307692 0.15625000000000006 0.3942307692307692 0.15625000000000006 0.5625 0.2067307692307693 0.5625
0 0.20913461538461545 0.2980769230769231 0.15625000000000006 0.2980769230769231 0.15625000000000006 0.4182692307692308 0.20913461538461545 0.4182692307692308
0 0.3389423076923077 0.3076923076923077 0.21153846153846162 0.3076923076923077 0.21153846153846162 0.43990384615384615 0.3389423076923077 0.43990384615384615
0 0.3125000000000001 0.7019230769230769 0.2596153846153847 0.7019230769230769 0.2596153846153847 0.7788461538461539 0.3125000000000001 0.7788461538461539
0 0.4567307692307694 0.6081730769230769 0.4062500000000001 0.6081730769230769 0.4062500000000001 0.7475961538461539 0.4567307692307694 0.7475961538461539
0 0.49519230769230776 0.38221153846153844 0.43990384615384615 0.38221153846153844 0.4399038461538462 0.6610576923076923 0.4951923076923078 0.6610576923076923
0 0.8269230769230769 8.066183244384008e-17 0.49038461538461536 6.005479495818751e-17 0.49038461538461536 0.3221153846153847 0.8269230769230769 0.32211538461538475
0 0.6490384615384616 0.6225961538461539 0.560096153846154 0.6225961538461539 0.560096153846154 0.7451923076923077 0.6490384615384616 0.7451923076923077
0 0.65625 0.7331730769230769 0.5721153846153848 0.7331730769230769 0.5721153846153848 0.8028846153846154 0.65625 0.8028846153846154
0 0.7115384615384616 0.21875000000000006 0.6346153846153846 0.21875000000000006 0.6346153846153846 0.5336538461538463 0.7115384615384616 0.5336538461538463
0 0.7475961538461539 0.6177884615384616 0.6826923076923077 0.6177884615384616 0.6826923076923077 0.7860576923076923 0.7475961538461539 0.7860576923076923
0 0.8918269230769231 0.2764423076923078 0.7740384615384616 0.27644230769230776 0.7740384615384616 0.6778846153846154 0.8918269230769231 0.6778846153846154
0 0.8918269230769231 0.6586538461538461 0.8269230769230769 0.6586538461538461 0.8269230769230769 0.7956730769230769 0.8918269230769231 0.7956730769230769
0 0.9399038461538461 0.36057692307692324 0.8413461538461539 0.36057692307692324 0.8413461538461539 0.7427884615384616 0.9399038461538461 0.7427884615384616
0 0.9326923076923077 0.6754807692307693 0.8894230769230769 0.6754807692307693 0.8894230769230769 0.7860576923076923 0.9326923076923077 0.7860576923076923