0 0.09615384615384623 0.5528846153846154 0.04807692307692314 0.5528846153846154 0.048076923076923156 0.6298076923076923 0.09615384615384623 0.6298076923076923
0 0.13701923076923084 0.4230769230769231 0.05528846153846159 0.4230769230769231 0.0552884615384616 0.5096153846153846 0.13701923076923084 0.5096153846153846
0 0.29807692307692313 0.5192307692307693 0.2596153846153847 0.5192307692307693 0.2596153846153847 0.6033653846153846 0.29807692307692313 0.6033653846153846
0 0.3197115384615386 0.5817307692307693 0.3004807692307693 0.5817307692307693 0.3004807692307693 0.6538461538461539 0.3197115384615386 0.6538461538461539
0 0.4326923076923078 0.5745192307692307 0.38461538461538475 0.5745192307692307 0.38461538461538475 0.6490384615384616 0.4326923076923078 0.6490384615384616
0 0.4975961538461539 0.5480769230769231 0.4326923076923077 0.5480769230769231 0.43269230769230776 0.6442307692307693 0.49759615384615397 0.6442307692307693
0 0.46875000000000006 0.40865384615384615 0.4375 0.40865384615384615 0.43750000000000006 0.5841346153846154 0.4687500000000001 0.5841346153846154
0 0.5432692307692308 0.5024038461538461 0.5048076923076923 0.5024038461538461 0.5048076923076924 0.6322115384615384 0.543269230769231 0.6322115384615384
0 0.5961538461538463 0.4735576923076924 0.5480769230769231 0.4735576923076923 0.5480769230769231 0.6274038461538461 0.5961538461538463 0.6274038461538461
0 0.6730769230769231 0.3822115384615386 0.5961538461538461 0.3822115384615386 0.5961538461538463 0.6298076923076923 0.6730769230769231 0.6298076923076923
0 0.7668269230769231 0.4326923076923078 0.65625 0.4326923076923078 0.65625 0.6201923076923077 0.7668269230769231 0.6201923076923077
0 0.9110576923076923 0.1610576923076924 0.8221153846153846 0.16105769230769237 0.8221153846153846 0.4062500000000001 0.9110576923076923 0.4062500000000001