0 0.06490384615384621 0.4423076923076923 0.03125000000000005 0.4423076923076923 0.03125000000000006 0.5504807692307693 0.06490384615384623 0.5504807692307693
0 0.06490384615384624 0.6634615384615384 0.03125000000000008 0.6634615384615384 0.03125000000000009 0.7908653846153846 0.06490384615384626 0.7908653846153846
0 0.33413461538461553 0.6658653846153846 0.09375000000000007 0.6658653846153846 0.09375000000000008 0.8028846153846154 0.33413461538461553 0.8028846153846154
0 0.29807692307692313 0.38221153846153844 0.15144230769230774 0.38221153846153844 0.15144230769230774 0.6298076923076923 0.29807692307692313 0.6298076923076923
0 0.2475961538461539 0.5096153846153846 0.2067307692307693 0.5096153846153846 0.2067307692307693 0.6850961538461539 0.2475961538461539 0.6850961538461539
0 0.40144230769230776 0.5048076923076923 0.34615384615384615 0.5048076923076923 0.3461538461538462 0.6177884615384616 0.4014423076923078 0.6177884615384616
0 0.45432692307692324 0.5793269230769231 0.38942307692307704 0.5793269230769231 0.38942307692307704 0.6538461538461539 0.45432692307692324 0.6538461538461539
0 0.5985576923076924 0.43269230769230776 0.5384615384615384 0.4326923076923077 0.5384615384615385 0.5841346153846154 0.5985576923076924 0.5841346153846155
0 0.6009615384615384 0.1971153846153847 0.5408653846153846 0.1971153846153847 0.5408653846153846 0.2788461538461539 0.6009615384615384 0.2788461538461539
0 0.6009615384615384 0.3004807692307693 0.5408653846153846 0.3004807692307693 0.5408653846153846 0.4350961538461539 0.6009615384615384 0.43509615384615397
0 0.6081730769230771 0.5817307692307693 0.5408653846153848 0.5817307692307693 0.5408653846153848 0.8052884615384616 0.6081730769230771 0.8052884615384616
0 0.6586538461538461 0.5000000000000001 0.6177884615384616 0.5000000000000001 0.6177884615384616 0.6634615384615384 0.6586538461538461 0.6634615384615384
0 0.7163461538461539 0.6153846153846154 0.6802884615384616 0.6153846153846154 0.6802884615384616 0.7548076923076923 0.7163461538461539 0.7548076923076923
0 0.7932692307692307 0.3677884615384617 0.7019230769230769 0.3677884615384617 0.7019230769230769 0.5889423076923078 0.7932692307692307 0.5889423076923078
0 0.7451923076923077 0.6009615384615385 0.7235576923076923 0.6009615384615385 0.7235576923076923 0.7668269230769231 0.7451923076923077 0.7668269230769231
0 0.78125 0.2908653846153847 0.7355769230769231 0.2908653846153847 0.7355769230769231 0.3822115384615386 0.78125 0.3822115384615386
0 0.8293269230769231 0.03846153846153856 0.78125 0.03846153846153856 0.78125 0.44711538461538475 0.8293269230769231 0.44711538461538475